000006,000007,000008,000010,000013,000014,000017,000018,000019,000020,000022,000023
000024,000025,000029,000038,000040,000043,000045,000046,000055,000056,000058,000068
000078,000081,000083,000088,000101,000107,000123,000135,000136,000148,000150,000151
000152,000153,000168,000175,000179,000189,000200,000241,000242,000267,000268,000285
000288,000291,000302,000303,000316,000317,000323,000325,000336,000354,000358,000371
000384,000386,000388,000390,000392,000416,000419,000421,000428,000460,000489,000494
000504,000507,000511,000512,000514,000522,000531,000532,000533,000536,000540,000541
000542,000545,000548,000549,000554,000557,000562,000564,000565,000567,000571,000573
000576,000578,000592,000595,000602,000605,000609,000610,000613,000616,000619,000626
000627,000632,000633,000635,000637,000638,000659,000668,000677,000679,000685,000687
000692,000694,000696,000697,000698,000701,000705,000715,000716,000720,000721,000722
000727,000732,000748,000751,000755,000757,000758,000763,000766,000772,000780,000782
000793,000795,000798,000806,000809,000812,000816,000817,000820,000835,000836,000838
000850,000851,000853,000857,000861,000863,000866,000867,000874,000881,000882,000886
000890,000897,000899,000900,000903,000905,000908,000916,000918,000919,000929,000931
000939,000941,000948,000952,000956,000958,000961,000965,000969,000971,000972,000978
000979,000980,000982,000987,000990,000991,000992,000993,000995,001024,001030,001044
001055,001057,001060,001066,001070,001071,001072,001083,001088,001093,001097,001099
001108,001109,001112,001113,001114,001117,001119,001128,001138,001157,001164,001171
001177,001186,001193,001211,001259,001347,001357,001361,001364,001385,001398,001415
001448,001458,001477,001478,001519,001521,001530,001548,001579,001585,001610,001618
001658,001675,001686,001691,001729,001755,001765,001766,001768,001772,001773,001787
001788,001789,001797,001799,001800,001801,001810,001811,001813,001816,001818,001821
001836,001839,001860,001873,001876,001880,001888,001898,001908,001910,001918,001919
001928,001929,001951,001958,001988,001989,001995,001999,002002,002005,002012,002016
002040,002052,002054,002066,002086,002087,002089,002105,002107,002114,002118,002134
002147,002173,002178,002181,002187,002193,002198,002199,002201,002207,002209,002210
002211,002218,002220,002231,002248,002257,002278,002287,002295,002297,002298,002306
002307,002316,002320,002323,002325,002329,002337,002339,002341,002342,002344,002346
002347,002349,002355,002356,002358,002359,002360,002363,002365,002369,002377,002388
002393,002394,002403,002404,002411,002412,002417,002421,002423,002427,002433,002435
002445,002447,002450,002451,002464,002473,002474,002476,002477,002479,002482,002485
002486,002490,002492,002495,002499,002502,002503,002504,002505,002509,002510,002512
002513,002516,002519,002523,002525,002526,002528,002535,002551,002552,002553,002564
002566,002569,002573,002574,002575,002576,002577,002578,002581,002584,002586,002590
002593,002596,002604,002610,002611,002613,002619,002620,002621,002622,002630,002647
002652,002656,002660,002671,002678,002679,002681,002682,002684,002686,002687,002689
002692,002693,002694,002699,002700,002702,002703,002708,002711,002715,002730,002740
002743,002750,002751,002758,002760,002762,002767,002775,002788,002816,002836,003306
003311,003320,003323,003339,003347,003383,003393,003606,003618,003668,003669,003690
003692,003738,003750,003759,003799,003800,003808,003877,003888,003896,003898,003899
003900,003908,003931,003933,003939,003958,003968,003969,003988,003993,003996,003998
300023,300029,300032,300044,300052,300062,300067,300069,300091,300099,300106,300108
300110,300114,300116,300117,300120,300126,300131,300134,300135,300140,300141,300147
300150,300152,300154,300155,300156,300157,300162,300163,300165,300167,300169,300172
300175,300176,300178,300186,300189,300194,300198,300200,300202,300205,300208,300210
300211,300216,300220,300221,300230,300234,300235,300237,300239,300240,300242,300243
300245,300247,300249,300250,300254,300255,300262,300264,300265,300267,300268,300269
300270,300272,300273,300277,300278,300280,300281,300282,300283,300289,300293,300295
300297,300300,300306,300307,300309,300342,300344,300350,300356,300359,300362,300367
300368,300370,300371,300375,300376,300379,300380,300387,300392,300399,300407,300411
300419,300425,300431,300437,300462,300479,300484,300485,300486,300495,300500,300509
300511,300512,300518,300519,300526,300527,300542,300543,300549,300581,300588,300591
300621,300625,300626,300630,300637,300640,300641,300647,300669,300670,300678,300708
300720,300721,300742,300743,300799,300819,300826,300897,301067,301446,301567,301628
600001,600002,600005,600006,600008,600051,600053,600058,600067,600069,600070,600074
600076,600077,600078,600080,600083,600086,600087,600090,600101,600102,600103,600106
600107,600108,600112,600113,600117,600120,600121,600127,600128,600133,600135,600137
600139,600146,600148,600149,600156,600157,600159,600162,600165,600168,600173,600175
600178,600182,600186,600187,600192,600193,600202,600205,600207,600213,600218,600222
600226,600227,600229,600235,600239,600241,600242,600243,600249,600257,600263,600265
600268,600269,600279,600281,600283,600287,600289,600292,600295,600296,600302,600311
600317,600321,600354,600355,600356,600357,600359,600367,600368,600375,600385,600386
600387,600396,600400,600421,600433,600444,600470,600472,600476,600490,600493,600503
600506,600513,600526,600530,600533,600540,600543,600553,600558,600560,600561,600568
600591,600605,600607,600614,600615,600616,600621,600624,600627,600629,600630,600631
600638,600647,600650,600653,600658,600662,600665,600671,600680,600689,600696,600698
600706,600712,600713,600714,600719,600721,600724,600725,600726,600727,600744,600747
600749,600758,600767,600769,600770,600774,600778,600780,600781,600784,600786,600791
600792,600797,600806,600807,600814,600822,600825,600830,600832,600833,600834,600844
600849,600851,600854,600856,600860,600865,600871,600874,600880,600889,600891,600892
600896,600898,600903,600917,600936,600960,600962,600965,600969,600978,600979,600980
600981,600982,600983,600991,600992,601002,601008,601010,601016,601018,601028,601086
601106,601113,601177,601199,601228,601258,601268,601299,601313,601326,601366,601375
601399,601616,601619,601700,601718,601789,601880,601989,601999,603003,603007,603015
603016,603017,603022,603023,603028,603029,603036,603041,603042,603056,603058,603106
603116,603123,603126,603133,603139,603157,603159,603168,603188,603189,603226,603261
603266,603299,603311,603316,603320,603321,603326,603331,603333,603335,603366,603389
603421,603458,603488,603555,603577,603578,603665,603777,603829,603926,603991,605198
832522,920002,920007,920018,920023,920029,920033,920037,920045,920062,920121,920158
920179,920195,920225,920239,920245,920284,920368,920375,920402,920403,920418,920445
920476,920491,920493,920496,920510,920522,920533,920593,920599,920640,920685,920690
920703,920808,920826,920839,920857,920879,920896,920985
