100600
100614
104543
105630
106472
108031
108517
108886
110879
111703
111988
113608
113958
114071
115539
115870
116331
117313
118132
121023
121461
124993
125670
126777
127208
127342
127504
127857
129335
130398
132520
132812
134164
136785
136918
138076
139074
139980
140328
142565
142687
149384
150585
151602
152060
152548
154029
155691
158756
158931
159601
160549
169191
171515
172100
176146
177282
178301
179011
180527
180560
184905
185085
186731
187363
190282
197297
197365
199620
201318
202140
203769
210569
211766
213339
214123
215504
216532
22
222000
227745
227975
233566
234944
237200
241111
242951
244170
246844
254837
260017
261822
278106
286780
289417
295360
301947
302132
302367
304646
313751
314580
315344
319096
321094
328192
339748
353866
354200
356322
368804
389165
398019
404622
408821
410319
415992
425938
430685
432600
432611
434284
436940
448800
452192
454560
489067
495359
496280
511480
526560
565650
576546
700075
752406
832522
836239
838402
873593
924032
927069
974728
989144