CODE 002842
20251231 14.320000
20260130 25.980000
20260227 41.419998
20260331 32.610001
20260430 38.349998
20260529 32.220001
20260630 48.200001
20260731 29.559999
20260813 39.799999
CODE 002906
20251231 30.080000
20260130 31.320000
20260227 32.590000
20260331 26.969999
20260430 29.600000
20260529 28.950001
20260630 24.959999
20260731 25.370001
20260813 26.250000
CODE 300757
20251231 233.300003
20260130 379.359985
20260227 413.000000
20260331 380.609985
20260430 482.100006
20260529 639.299988
20260630 619.000000
20260731 415.559998
20260813 507.540009
CODE 300806
20251231 21.950001
20260130 41.830002
20260227 39.540001
20260331 30.049999
20260430 52.990002
20260529 54.360001
20260630 79.989998
20260731 41.650002
20260813 48.009998
CODE 300858
20251231 16.670000
20260130 19.230000
20260227 17.870001
20260331 18.530001
20260430 17.750000
20260529 16.049999
20260630 15.090000
20260731 13.920000
20260813 15.800000
CODE 300926
20251231 32.560001
20260130 30.070000
20260227 29.680000
20260331 25.639999
20260430 22.549999
20260529 19.530001
20260630 17.750000
20260731 18.379999
20260813 17.879999
CODE 301026
20251231 19.959999
20260130 23.750000
20260227 26.010000
20260331 19.500000
20260430 21.940001
20260529 23.049999
20260630 20.219999
20260731 17.430000
20260813 21.549999
CODE 301120
20251231 17.219999
20260130 18.780001
20260227 23.010000
20260331 21.290001
20260430 19.580000
20260529 25.790001
20260630 16.629999
20260731 14.140000
20260813 16.209999
CODE 301196
20251231 60.980000
20260130 57.439999
20260227 71.239998
20260331 76.080002
20260430 90.620003
20260529 93.260002
20260630 125.419998
20260731 63.360001
20260813 85.699997
CODE 301251
20251231 37.310001
20260130 38.759998
20260227 47.959999
20260331 39.480000
20260430 44.910000
20260529 52.000000
20260630 53.279999
20260731 28.160000
20260813 43.580002
