CODE 002985
20251231 31.600000
20260130 40.049999
20260227 41.470001
20260331 36.099998
20260430 35.630001
20260529 30.209999
20260630 27.700001
20260731 25.570000
20260813 25.920000
CODE 300010
20251231 7.240000
20260130 7.130000
20260227 7.530000
20260331 6.180000
20260429 5.110000
20260529 2.810000
20260630 2.040000
20260731 2.200000
20260813 2.260000
CODE 300082
20251231 9.900000
20260130 9.810000
20260227 10.350000
20260331 10.510000
20260430 11.630000
20260529 9.690000
20260630 8.630000
20260731 7.570000
20260813 7.790000
CODE 300204
20251231 27.320000
20260130 25.660000
20260227 26.459999
20260331 30.030001
20260430 27.629999
20260529 25.780001
20260630 23.780001
20260731 21.969999
20260813 25.820000
CODE 300337
20251231 15.500000
20260130 14.990000
20260227 15.460000
20260331 13.570000
20260430 13.950000
20260529 12.400000
20260630 11.650000
20260731 9.290000
20260813 9.950000
CODE 300416
20251231 17.690001
20260130 18.139999
20260227 18.549999
20260331 17.520000
20260430 16.840000
20260529 19.209999
20260630 20.379999
20260731 14.230000
20260813 14.790000
CODE 300483
20251231 14.180000
20260130 16.559999
20260227 17.410000
20260331 20.100000
20260430 22.680000
20260529 18.559999
20260630 17.580000
20260731 22.299999
20260813 23.020000
CODE 300568
20251231 15.240000
20260130 13.820000
20260227 14.200000
20260331 14.800000
20260430 16.420000
20260529 15.820000
20260630 18.719999
20260731 13.330000
20260813 14.520000
CODE 300627
20251231 34.459999
20260130 38.349998
20260227 37.369999
20260331 32.810001
20260430 31.240000
20260529 27.830000
20260630 28.400000
20260731 28.389999
20260813 27.629999
CODE 300699
20251231 38.959999
20260130 39.430000
20260227 40.099998
20260331 33.900002
20260430 32.500000
20260529 29.420000
20260630 28.650000
20260731 25.910000
20260813 25.500000
