CODE 301326
20251231 109.160004
20260130 123.150002
20260227 147.820007
20260331 119.180000
20260430 183.970001
20260529 147.889999
20260630 139.369995
20260731 78.879997
20260813 99.769997
CODE 301397
20251231 26.410000
20260130 23.580000
20260227 24.559999
20260331 21.540001
20260430 30.150000
20260529 24.389999
20260630 24.510000
20260731 24.920000
20260813 26.920000
CODE 301525
20251231 61.459999
20260130 62.799999
20260227 62.430000
20260331 49.560001
20260430 49.709999
20260529 51.200001
20260630 47.209999
20260731 38.419998
20260813 41.700001
CODE 301571
20251231 57.570000
20260130 56.700001
20260227 58.939999
20260331 63.080002
20260430 69.209999
20260529 60.090000
20260630 65.070000
20260731 56.099998
20260813 67.360001
CODE 301608
20251231 60.459999
20260130 62.150002
20260227 63.150002
20260331 54.189999
20260430 62.320000
20260529 54.680000
20260630 50.259998
20260731 44.500000
20260813 46.500000
CODE 301665
20251231 27.840000
20260130 30.240000
20260227 31.719999
20260331 25.670000
20260430 27.049999
20260529 22.940001
20260630 20.959999
20260731 22.680000
20260813 23.820000
