CODE 000338
20251231 16.830000
20260130 23.370001
20260227 27.490000
20260331 23.870001
20260430 30.830000
20260529 34.970001
20260630 26.879999
20260731 27.580000
20260813 30.100000
CODE 000581
20251231 19.920000
20260130 20.709999
20260227 24.700001
20260331 19.650000
20260430 18.840000
20260529 18.580000
20260630 16.320000
20260731 17.910000
20260813 17.330000
CODE 000688
20251231 27.670000
20260130 26.670000
20260227 37.259998
20260331 38.740002
20260430 51.480000
20260529 42.180000
20260630 34.230000
20260731 27.900000
20260813 31.980000
CODE 000799
20251231 54.279999
20260130 56.520000
20260227 50.910000
20260331 42.480000
20260430 42.400002
20260529 45.439999
20260630 43.400002
20260731 41.849998
20260813 41.570000
CODE 000913
20251231 14.820000
20260130 15.050000
20260227 15.250000
20260331 16.070000
20260430 12.900000
20260529 11.400000
20260630 10.250000
20260731 12.000000
20260813 11.440000
CODE 000989
20251231 8.430000
20260130 8.520000
20260227 8.710000
20260331 9.050000
20260430 9.350000
20260529 8.070000
20260630 7.770000
20260731 9.050000
20260813 9.530000
CODE 001280
20251231 60.660000
20260130 93.320000
20260227 95.809998
20260331 80.449997
20260430 81.580002
20260529 72.209999
20260630 66.440002
20260731 62.419998
20260813 63.290001
CODE 001359
20251231 54.310001
20260130 57.570000
20260227 62.099998
20260331 53.709999
20260430 67.190002
20260529 74.919998
20260630 125.250000
20260731 76.669998
20260813 86.459999
CODE 002011
20251231 12.580000
20260130 12.500000
20260227 13.250000
20260331 11.650000
20260430 11.580000
20260529 12.370000
20260630 10.510000
20260731 10.460000
20260813 10.180000
CODE 002074
20251231 39.009998
20260130 37.880001
20260227 37.799999
20260331 35.599998
20260430 36.639999
20260529 32.849998
20260630 27.410000
20260731 28.549999
20260813 27.240000
CODE 002150
20251231 20.000000
20260130 23.990000
20260227 27.400000
20260331 31.700001
20260430 28.959999
20260529 31.500000
20260630 25.290001
20260731 20.260000
20260813 22.250000
CODE 002204
20251231 7.560000
20260130 7.100000
20260227 7.460000
20260331 6.550000
20260430 6.760000
20260529 6.020000
20260630 5.280000
20260731 5.410000
20260813 5.350000
CODE 002262
20251231 23.730000
20260130 23.230000
20260227 23.410000
20260331 22.000000
20260430 22.020000
20260529 20.290001
20260630 18.750000
20260731 22.100000
20260813 22.139999
CODE 002327
20251231 6.330000
20260130 6.560000
20260227 6.550000
20260331 6.550000
20260430 6.990000
20260529 6.450000
20260630 5.940000
20260731 6.590000
20260813 6.520000
CODE 002407
20251231 33.709999
20260130 28.750000
20260227 30.440001
20260331 27.620001
20260430 36.110001
20260529 33.700001
20260630 50.230000
20260731 31.440001
20260813 38.970001
CODE 002463
20251231 72.570000
20260130 69.250000
20260227 83.099998
20260331 75.470001
20260430 102.070000
20260529 132.039993
20260630 152.800003
20260731 103.750000
20260813 120.660004
CODE 002534
20251231 16.670000
20260130 16.940001
20260227 20.820000
20260331 16.059999
20260430 17.500000
20260529 20.160000
20260630 18.549999
20260731 13.850000
20260813 15.760000
CODE 002588
20251231 9.710000
20260130 11.150000
20260227 10.880000
20260331 10.110000
20260430 10.670000
20260529 8.820000
20260630 7.900000
20260731 8.960000
20260813 8.560000
CODE 002668
20251231 10.180000
20260130 9.870000
20260227 9.770000
20260331 8.700000
20260430 9.350000
20260529 9.340000
20260630 11.080000
20260731 10.600000
20260813 10.150000
CODE 002768
20251231 35.259998
20260130 39.320000
20260227 37.470001
20260331 31.430000
20260430 35.340000
20260529 42.410000
20260630 52.060001
20260731 46.950001
20260813 59.990002
