11
17
20
21
31
61
73
263
308
327
354
390
404
522
601
742
800
823
845
940
1000
1037
1060
1075
1076
1088
1170
1184
1194
1198
1267
1407
1411
1412
1437
1438
1475
1480
1513
1664
1665
1702
1715
1723
1753
1759
1811
1856
1881
1985
1998
2051
2112
2125
2152
2163
2244
2376
2420
2450
2451
2692
2910
3567
3857
3858
3961
3962
4148
4232
4320
4374
4375
5001
5094
5119
5136
5207
5449
5550
5551
5729
5765
5774
5775
5776
5787
5819
5844
5875
5903
5914
5939
5940
6025
6154
6250
6271
6281
6314
6315
6522
6523
6533
6615
6616
6769
6887
6888
6904
6905
6969
6976
7049
7113
7114
7305
7340
7341
7343
7346
7349
7350
7353
7449
7450
7490
7491
7639
7731
7895
8185
8208
8467
8528
8555
8734
8988
8989
9049
9062
9063
9242
9243
9707
9708
9808
9855
9856
9913
9993
10115
10237
10238
10335
10389
10390
10415
10416
10912
10913
11120
11300
11301
11369
11370
11399
11400
11412
11452
11488
11822
11823
11891
11892
12301
12456
12457
13107
13108
13238
13239
13312
13369
13370
13840
13841
13949
14282
14319
14320
14497
14549
14611
14612
14833
14975
14989
15389
15491
15576
15585
15967
16262
16263
16370
16371
16461
16500
16501
16579
16721
16772
16773
16780
17102
17103
17234
17612
17732
17811
17876
17927
18291
18325
18326
18358
18359
18956
18957
19018
19032
19034
19426
19427
19571
19829
19830
19925
20018
20469
20470
21179
21180
21382
21383
21510
21511
21523
21528
21593
21594
21626
21627
21792
21793
22364
22365
22368
22709
22735
22740
23397
23398
23451
23452
24052
24053
24459
24460
24592
24593
40001
40008
40011
40016
40025
50004
50009
50010
70027
100022
100039
100060
110002
110005
110009
110013
110015
110025
110029
112002
121003
150968
151001
160220
160226
160605
161606
161810
161903
162006
162201
162204
162209
162214
162703
163402
163406
163411
163412
166001
166005
168002
168401
180031
200012
202001
202002
202027
206009
210004
210008
213003
213008
240005
240011
240017
240022
257020
257030
257070
260112
260117
270028
290008
290014
310358
320005
320007
340007
360016
370024
370027
375010
377010
377240
378010
379010
400001
460007
470009
470028
470098
481001
481008
481010
481015
501026
501054
501079
501082
519005
519013
519018
519026
519089
519110
519158
519172
519173
519181
519185
519670
519672
519674
519679
519688
519698
519704
519770
519771
519773
530019
570001
570008
580001
580002
580006
610006
630001
630002
630010
630011
660005
660015
720001
740001
952004
959991
