000390
000404
000742
000823
000845
001037
001060
001075
001170
001184
001194
001198
001267
001407
001411
001412
001437
001438
001480
001715
001753
001759
001856
001998
002051
002112
002125
002152
002163
002244
002376
002420
002450
002451
002910
003857
003858
003961
003962
004320
005119
005550
005551
005775
005776
005903
007305
007639
008185
008528
008555
008734
008988
008989
009049
009062
009063
009242
009243
009707
009708
009808
009855
009856
009913
009993
010115
010237
010238
010335
010389
010390
010415
010416
010912
010913
011120
011300
011301
011369
011370
011399
011400
011412
011452
011488
011822
011823
011891
011892
012301
012456
012457
013107
013108
013238
013239
013312
013369
013370
013840
013841
013949
014282
014319
014320
014497
014549
014611
014612
014833
014975
014989
015389
015491
015576
015585
015967
016262
016263
016370
016371
016461
016500
016501
016579
016721
016772
016773
016780
017102
017103
017234
017612
017732
017811
017876
017927
018291
018325
018326
018358
018359
018956
018957
019018
019032
019034
019426
019427
019571
019829
019830
019925
020469
020470
021179
021180
021382
021383
021510
021511
021523
021528
021593
021594
021626
021627
021792
021793
022364
022365
022368
022709
022735
022740
023397
023398
023451
023452
024052
024053
024459
024460
024592
024593
112002
160220
160226
168401
501026
501082
519172
519173
519770
519771
519773
720001
740001
959991
