证券代码,证券简称,日期,月涨跌幅
603963.SH,*ST大药,20260831,
603963.SH,*ST大药,20260830,
603963.SH,*ST大药,20260829,
603963.SH,*ST大药,20260828,
603963.SH,*ST大药,20260827,
603963.SH,*ST大药,20260826,
603963.SH,*ST大药,20260825,
603963.SH,*ST大药,20260824,
603963.SH,*ST大药,20260823,
603963.SH,*ST大药,20260822,
603963.SH,*ST大药,20260821,
603963.SH,*ST大药,20260820,
603963.SH,*ST大药,20260819,
603963.SH,*ST大药,20260818,
603963.SH,*ST大药,20260817,
603963.SH,*ST大药,20260816,
603963.SH,*ST大药,20260815,
603963.SH,*ST大药,20260814,
603963.SH,*ST大药,20260813,
603963.SH,*ST大药,20260812,
603963.SH,*ST大药,20260811,
603963.SH,*ST大药,20260810,
603963.SH,*ST大药,20260809,
603963.SH,*ST大药,20260808,
603963.SH,*ST大药,20260807,
603963.SH,*ST大药,20260806,
603963.SH,*ST大药,20260805,
603963.SH,*ST大药,20260804,
603963.SH,*ST大药,20260803,
603963.SH,*ST大药,20260802,
603963.SH,*ST大药,20260801,
603963.SH,*ST大药,20260731,
603963.SH,*ST大药,20260730,
603963.SH,*ST大药,20260729,
603963.SH,*ST大药,20260728,
603963.SH,*ST大药,20260727,
603963.SH,*ST大药,20260726,
603963.SH,*ST大药,20260725,
603963.SH,*ST大药,20260724,
603963.SH,*ST大药,20260723,
603963.SH,*ST大药,20260722,
603963.SH,*ST大药,20260721,
603963.SH,*ST大药,20260720,
603963.SH,*ST大药,20260719,
603963.SH,*ST大药,20260718,
603963.SH,*ST大药,20260717,
603963.SH,*ST大药,20260716,
603963.SH,*ST大药,20260715,
603963.SH,*ST大药,20260714,
603963.SH,*ST大药,20260713,
603963.SH,*ST大药,20260712,
603963.SH,*ST大药,20260711,
603963.SH,*ST大药,20260710,
603963.SH,*ST大药,20260709,
603963.SH,*ST大药,20260708,
603963.SH,*ST大药,20260707,
603963.SH,*ST大药,20260706,
603963.SH,*ST大药,20260705,
603963.SH,*ST大药,20260704,
603963.SH,*ST大药,20260703,
603963.SH,*ST大药,20260702,
603963.SH,*ST大药,20260701,
603963.SH,*ST大药,20260630,
603963.SH,*ST大药,20260629,
603963.SH,*ST大药,20260628,
603963.SH,*ST大药,20260627,
603963.SH,*ST大药,20260626,
603963.SH,*ST大药,20260625,
603963.SH,*ST大药,20260624,
603963.SH,*ST大药,20260623,
603963.SH,*ST大药,20260622,
603963.SH,*ST大药,20260621,
603963.SH,*ST大药,20260620,
603963.SH,*ST大药,20260619,
603963.SH,*ST大药,20260618,
603963.SH,*ST大药,20260617,
603963.SH,*ST大药,20260616,
603963.SH,*ST大药,20260615,
603963.SH,*ST大药,20260614,
603963.SH,*ST大药,20260613,
603963.SH,*ST大药,20260612,
603963.SH,*ST大药,20260611,
603963.SH,*ST大药,20260610,
603963.SH,*ST大药,20260609,
603963.SH,*ST大药,20260608,
603963.SH,*ST大药,20260607,
603963.SH,*ST大药,20260606,
603963.SH,*ST大药,20260605,
603963.SH,*ST大药,20260604,
603963.SH,*ST大药,20260603,
603963.SH,*ST大药,20260602,
603963.SH,*ST大药,20260601,
603963.SH,*ST大药,20260531,
603963.SH,*ST大药,20260530,
603963.SH,*ST大药,20260529,
603963.SH,*ST大药,20260528,
603963.SH,*ST大药,20260527,
603963.SH,*ST大药,20260526,
603963.SH,*ST大药,20260525,
603963.SH,*ST大药,20260524,
603963.SH,*ST大药,20260523,
603963.SH,*ST大药,20260522,
603963.SH,*ST大药,20260521,
603963.SH,*ST大药,20260520,
603963.SH,*ST大药,20260519,
603963.SH,*ST大药,20260518,
603963.SH,*ST大药,20260517,
603963.SH,*ST大药,20260516,
603963.SH,*ST大药,20260515,
603963.SH,*ST大药,20260514,
603963.SH,*ST大药,20260513,
603963.SH,*ST大药,20260512,
603963.SH,*ST大药,20260511,
603963.SH,*ST大药,20260510,
603963.SH,*ST大药,20260509,
603963.SH,*ST大药,20260508,
603963.SH,*ST大药,20260507,
603963.SH,*ST大药,20260506,
603963.SH,*ST大药,20260505,
603963.SH,*ST大药,20260504,
603963.SH,*ST大药,20260503,
603963.SH,*ST大药,20260502,
603963.SH,*ST大药,20260501,
603963.SH,*ST大药,20260430,
603963.SH,*ST大药,20260429,
603963.SH,*ST大药,20260428,
603963.SH,*ST大药,20260427,
603963.SH,*ST大药,20260426,
603963.SH,*ST大药,20260425,
603963.SH,*ST大药,20260424,
603963.SH,*ST大药,20260423,
603963.SH,*ST大药,20260422,
603963.SH,*ST大药,20260421,
603963.SH,*ST大药,20260420,
603963.SH,*ST大药,20260419,
603963.SH,*ST大药,20260418,
603963.SH,*ST大药,20260417,
603963.SH,*ST大药,20260416,
603963.SH,*ST大药,20260415,
603963.SH,*ST大药,20260414,
603963.SH,*ST大药,20260413,
603963.SH,*ST大药,20260412,
603963.SH,*ST大药,20260411,
603963.SH,*ST大药,20260410,
603963.SH,*ST大药,20260409,
603963.SH,*ST大药,20260408,
603963.SH,*ST大药,20260407,
603963.SH,*ST大药,20260406,
603963.SH,*ST大药,20260405,
603963.SH,*ST大药,20260404,
603963.SH,*ST大药,20260403,
603963.SH,*ST大药,20260402,
603963.SH,*ST大药,20260401,
603963.SH,*ST大药,20260331,
603963.SH,*ST大药,20260330,
603963.SH,*ST大药,20260329,
603963.SH,*ST大药,20260328,
603963.SH,*ST大药,20260327,
603963.SH,*ST大药,20260326,
603963.SH,*ST大药,20260325,
603963.SH,*ST大药,20260324,
603963.SH,*ST大药,20260323,
603963.SH,*ST大药,20260322,
603963.SH,*ST大药,20260321,
603963.SH,*ST大药,20260320,
603963.SH,*ST大药,20260319,
603963.SH,*ST大药,20260318,
603963.SH,*ST大药,20260317,
603963.SH,*ST大药,20260316,
603963.SH,*ST大药,20260315,
603963.SH,*ST大药,20260314,
603963.SH,*ST大药,20260313,
603963.SH,*ST大药,20260312,
603963.SH,*ST大药,20260311,
603963.SH,*ST大药,20260310,
603963.SH,*ST大药,20260309,
603963.SH,*ST大药,20260308,
603963.SH,*ST大药,20260307,
603963.SH,*ST大药,20260306,
603963.SH,*ST大药,20260305,
603963.SH,*ST大药,20260304,
603963.SH,*ST大药,20260303,
603963.SH,*ST大药,20260302,
603963.SH,*ST大药,20260301,
603963.SH,*ST大药,20260228,
603963.SH,*ST大药,20260227,
603963.SH,*ST大药,20260226,
603963.SH,*ST大药,20260225,
603963.SH,*ST大药,20260224,
603963.SH,*ST大药,20260223,
603963.SH,*ST大药,20260222,
603963.SH,*ST大药,20260221,
603963.SH,*ST大药,20260220,
603963.SH,*ST大药,20260219,
603963.SH,*ST大药,20260218,
603963.SH,*ST大药,20260217,
603963.SH,*ST大药,20260216,
603963.SH,*ST大药,20260215,
603963.SH,*ST大药,20260214,
603963.SH,*ST大药,20260213,
603963.SH,*ST大药,20260212,
603963.SH,*ST大药,20260211,
603963.SH,*ST大药,20260210,
603963.SH,*ST大药,20260209,
603963.SH,*ST大药,20260208,
603963.SH,*ST大药,20260207,
603963.SH,*ST大药,20260206,
603963.SH,*ST大药,20260205,
603963.SH,*ST大药,20260204,
603963.SH,*ST大药,20260203,
603963.SH,*ST大药,20260202,
603963.SH,*ST大药,20260201,
603963.SH,*ST大药,20260131,
603963.SH,*ST大药,20260130,
603963.SH,*ST大药,20260129,
603963.SH,*ST大药,20260128,
603963.SH,*ST大药,20260127,
603963.SH,*ST大药,20260126,
603963.SH,*ST大药,20260125,
603963.SH,*ST大药,20260124,
603963.SH,*ST大药,20260123,
603963.SH,*ST大药,20260122,
603963.SH,*ST大药,20260121,
603963.SH,*ST大药,20260120,
603963.SH,*ST大药,20260119,
603963.SH,*ST大药,20260118,
603963.SH,*ST大药,20260117,
603963.SH,*ST大药,20260116,
603963.SH,*ST大药,20260115,
603963.SH,*ST大药,20260114,
603963.SH,*ST大药,20260113,
603963.SH,*ST大药,20260112,
603963.SH,*ST大药,20260111,
603963.SH,*ST大药,20260110,
603963.SH,*ST大药,20260109,
603963.SH,*ST大药,20260108,
603963.SH,*ST大药,20260107,
603963.SH,*ST大药,20260106,
603963.SH,*ST大药,20260105,
603963.SH,*ST大药,20260104,
603963.SH,*ST大药,20260103,
603963.SH,*ST大药,20260102,
603963.SH,*ST大药,20260101,
603963.SH,*ST大药,20251231,
603963.SH,*ST大药,20251230,
603963.SH,*ST大药,20251229,
603963.SH,*ST大药,20251228,
603963.SH,*ST大药,20251227,
603963.SH,*ST大药,20251226,
603963.SH,*ST大药,20251225,
603963.SH,*ST大药,20251224,
603963.SH,*ST大药,20251223,
603963.SH,*ST大药,20251222,
603963.SH,*ST大药,20251221,
603963.SH,*ST大药,20251220,
603963.SH,*ST大药,20251219,
603963.SH,*ST大药,20251218,
603963.SH,*ST大药,20251217,
603963.SH,*ST大药,20251216,
603963.SH,*ST大药,20251215,
603963.SH,*ST大药,20251214,
603963.SH,*ST大药,20251213,
603963.SH,*ST大药,20251212,
603963.SH,*ST大药,20251211,
603963.SH,*ST大药,20251210,
603963.SH,*ST大药,20251209,
603963.SH,*ST大药,20251208,
603963.SH,*ST大药,20251207,
603963.SH,*ST大药,20251206,
603963.SH,*ST大药,20251205,
603963.SH,*ST大药,20251204,
603963.SH,*ST大药,20251203,
603963.SH,*ST大药,20251202,
603963.SH,*ST大药,20251201,
603963.SH,*ST大药,20251130,
603963.SH,*ST大药,20251129,
603963.SH,*ST大药,20251128,
603963.SH,*ST大药,20251127,
603963.SH,*ST大药,20251126,
603963.SH,*ST大药,20251125,
603963.SH,*ST大药,20251124,
603963.SH,*ST大药,20251123,
603963.SH,*ST大药,20251122,
603963.SH,*ST大药,20251121,
603963.SH,*ST大药,20251120,
603963.SH,*ST大药,20251119,
603963.SH,*ST大药,20251118,
603963.SH,*ST大药,20251117,
603963.SH,*ST大药,20251116,
603963.SH,*ST大药,20251115,
603963.SH,*ST大药,20251114,
603963.SH,*ST大药,20251113,
603963.SH,*ST大药,20251112,
603963.SH,*ST大药,20251111,
603963.SH,*ST大药,20251110,
603963.SH,*ST大药,20251109,
603963.SH,*ST大药,20251108,
603963.SH,*ST大药,20251107,
603963.SH,*ST大药,20251106,
603963.SH,*ST大药,20251105,
603963.SH,*ST大药,20251104,
603963.SH,*ST大药,20251103,
603963.SH,*ST大药,20251102,
603963.SH,*ST大药,20251101,
603963.SH,*ST大药,20251031,
603963.SH,*ST大药,20251030,
603963.SH,*ST大药,20251029,
603963.SH,*ST大药,20251028,
603963.SH,*ST大药,20251027,
603963.SH,*ST大药,20251026,
603963.SH,*ST大药,20251025,
603963.SH,*ST大药,20251024,
603963.SH,*ST大药,20251023,
603963.SH,*ST大药,20251022,
603963.SH,*ST大药,20251021,
603963.SH,*ST大药,20251020,
603963.SH,*ST大药,20251019,
603963.SH,*ST大药,20251018,
603963.SH,*ST大药,20251017,
603963.SH,*ST大药,20251016,
603963.SH,*ST大药,20251015,
603963.SH,*ST大药,20251014,
603963.SH,*ST大药,20251013,
603963.SH,*ST大药,20251012,
603963.SH,*ST大药,20251011,
603963.SH,*ST大药,20251010,
603963.SH,*ST大药,20251009,
603963.SH,*ST大药,20251008,
603963.SH,*ST大药,20251007,
603963.SH,*ST大药,20251006,
603963.SH,*ST大药,20251005,
603963.SH,*ST大药,20251004,
603963.SH,*ST大药,20251003,
603963.SH,*ST大药,20251002,
603963.SH,*ST大药,20251001,
603963.SH,*ST大药,20250930,
603963.SH,*ST大药,20250929,
603963.SH,*ST大药,20250928,
603963.SH,*ST大药,20250927,
603963.SH,*ST大药,20250926,
603963.SH,*ST大药,20250925,
603963.SH,*ST大药,20250924,
603963.SH,*ST大药,20250923,
603963.SH,*ST大药,20250922,
603963.SH,*ST大药,20250921,
603963.SH,*ST大药,20250920,
603963.SH,*ST大药,20250919,
603963.SH,*ST大药,20250918,
603963.SH,*ST大药,20250917,
603963.SH,*ST大药,20250916,
603963.SH,*ST大药,20250915,
603963.SH,*ST大药,20250914,
603963.SH,*ST大药,20250913,
603963.SH,*ST大药,20250912,
603963.SH,*ST大药,20250911,
603963.SH,*ST大药,20250910,
603963.SH,*ST大药,20250909,
603963.SH,*ST大药,20250908,
603963.SH,*ST大药,20250907,
603963.SH,*ST大药,20250906,
603963.SH,*ST大药,20250905,
603963.SH,*ST大药,20250904,
603963.SH,*ST大药,20250903,
603963.SH,*ST大药,20250902,
603963.SH,*ST大药,20250901,
603963.SH,*ST大药,20250831,
603963.SH,*ST大药,20250830,
603963.SH,*ST大药,20250829,
603963.SH,*ST大药,20250828,
603963.SH,*ST大药,20250827,
603963.SH,*ST大药,20250826,
603963.SH,*ST大药,20250825,
603963.SH,*ST大药,20250824,
603963.SH,*ST大药,20250823,
603963.SH,*ST大药,20250822,
603963.SH,*ST大药,20250821,
603963.SH,*ST大药,20250820,
603963.SH,*ST大药,20250819,
603963.SH,*ST大药,20250818,
603963.SH,*ST大药,20250817,
603963.SH,*ST大药,20250816,
603963.SH,*ST大药,20250815,
603963.SH,*ST大药,20250814,
603963.SH,*ST大药,20250813,
603963.SH,*ST大药,20250812,
603963.SH,*ST大药,20250811,
603963.SH,*ST大药,20250810,
603963.SH,*ST大药,20250809,
603963.SH,*ST大药,20250808,
603963.SH,*ST大药,20250807,
603963.SH,*ST大药,20250806,
603963.SH,*ST大药,20250805,
603963.SH,*ST大药,20250804,
603963.SH,*ST大药,20250803,
603963.SH,*ST大药,20250802,
603963.SH,*ST大药,20250801,
603963.SH,*ST大药,20250731,
603963.SH,*ST大药,20250730,
603963.SH,*ST大药,20250729,
603963.SH,*ST大药,20250728,
603963.SH,*ST大药,20250727,
603963.SH,*ST大药,20250726,
603963.SH,*ST大药,20250725,
603963.SH,*ST大药,20250724,
603963.SH,*ST大药,20250723,
603963.SH,*ST大药,20250722,
603963.SH,*ST大药,20250721,
603963.SH,*ST大药,20250720,
603963.SH,*ST大药,20250719,
603963.SH,*ST大药,20250718,
603963.SH,*ST大药,20250717,
603963.SH,*ST大药,20250716,
603963.SH,*ST大药,20250715,
603963.SH,*ST大药,20250714,
603963.SH,*ST大药,20250713,
603963.SH,*ST大药,20250712,
603963.SH,*ST大药,20250711,
603963.SH,*ST大药,20250710,
603963.SH,*ST大药,20250709,
603963.SH,*ST大药,20250708,
603963.SH,*ST大药,20250707,
603963.SH,*ST大药,20250706,
603963.SH,*ST大药,20250705,
603963.SH,*ST大药,20250704,
603963.SH,*ST大药,20250703,
603963.SH,*ST大药,20250702,
603963.SH,*ST大药,20250701,
603963.SH,*ST大药,20250630,
603963.SH,*ST大药,20250629,
603963.SH,*ST大药,20250628,
603963.SH,*ST大药,20250627,
603963.SH,*ST大药,20250626,
603963.SH,*ST大药,20250625,
603963.SH,*ST大药,20250624,
603963.SH,*ST大药,20250623,
603963.SH,*ST大药,20250622,
603963.SH,*ST大药,20250621,
603963.SH,*ST大药,20250620,
603963.SH,*ST大药,20250619,
603963.SH,*ST大药,20250618,
603963.SH,*ST大药,20250617,
603963.SH,*ST大药,20250616,
603963.SH,*ST大药,20250615,
603963.SH,*ST大药,20250614,
603963.SH,*ST大药,20250613,
603963.SH,*ST大药,20250612,
603963.SH,*ST大药,20250611,
603963.SH,*ST大药,20250610,
603963.SH,*ST大药,20250609,
603963.SH,*ST大药,20250608,
603963.SH,*ST大药,20250607,
603963.SH,*ST大药,20250606,
603963.SH,*ST大药,20250605,
603963.SH,*ST大药,20250604,
603963.SH,*ST大药,20250603,
603963.SH,*ST大药,20250602,
603963.SH,*ST大药,20250601,
603963.SH,*ST大药,20250531,
603963.SH,*ST大药,20250530,
603963.SH,*ST大药,20250529,
603963.SH,*ST大药,20250528,
603963.SH,*ST大药,20250527,
603963.SH,*ST大药,20250526,
603963.SH,*ST大药,20250525,
603963.SH,*ST大药,20250524,
603963.SH,*ST大药,20250523,
603963.SH,*ST大药,20250522,
603963.SH,*ST大药,20250521,
603963.SH,*ST大药,20250520,
603963.SH,*ST大药,20250519,
603963.SH,*ST大药,20250518,
603963.SH,*ST大药,20250517,
603963.SH,*ST大药,20250516,
603963.SH,*ST大药,20250515,
603963.SH,*ST大药,20250514,
603963.SH,*ST大药,20250513,
603963.SH,*ST大药,20250512,
603963.SH,*ST大药,20250511,
603963.SH,*ST大药,20250510,
603963.SH,*ST大药,20250509,
603963.SH,*ST大药,20250508,
603963.SH,*ST大药,20250507,
603963.SH,*ST大药,20250506,
603963.SH,*ST大药,20250505,
603963.SH,*ST大药,20250504,
603963.SH,*ST大药,20250503,
603963.SH,*ST大药,20250502,
603963.SH,*ST大药,20250501,
603963.SH,*ST大药,20250430,
603963.SH,*ST大药,20250429,
603963.SH,*ST大药,20250428,
603963.SH,*ST大药,20250427,
603963.SH,*ST大药,20250426,
603963.SH,*ST大药,20250425,
603963.SH,*ST大药,20250424,
603963.SH,*ST大药,20250423,
603963.SH,*ST大药,20250422,
603963.SH,*ST大药,20250421,
603963.SH,*ST大药,20250420,
603963.SH,*ST大药,20250419,
603963.SH,*ST大药,20250418,
603963.SH,*ST大药,20250417,
603963.SH,*ST大药,20250416,
603963.SH,*ST大药,20250415,
603963.SH,*ST大药,20250414,
603963.SH,*ST大药,20250413,
603963.SH,*ST大药,20250412,
603963.SH,*ST大药,20250411,
603963.SH,*ST大药,20250410,
603963.SH,*ST大药,20250409,
603963.SH,*ST大药,20250408,
603963.SH,*ST大药,20250407,
603963.SH,*ST大药,20250406,
603963.SH,*ST大药,20250405,
603963.SH,*ST大药,20250404,
603963.SH,*ST大药,20250403,
603963.SH,*ST大药,20250402,
603963.SH,*ST大药,20250401,
603963.SH,*ST大药,20250331,0.0
603963.SH,*ST大药,20250330,0.0
603963.SH,*ST大药,20250329,0.0
603963.SH,*ST大药,20250328,0.0
603963.SH,*ST大药,20250327,0.0
603963.SH,*ST大药,20250326,0.0
603963.SH,*ST大药,20250325,0.0
603963.SH,*ST大药,20250324,0.0
603963.SH,*ST大药,20250323,0.0
603963.SH,*ST大药,20250322,0.0
603963.SH,*ST大药,20250321,0.0
603963.SH,*ST大药,20250320,0.0
603963.SH,*ST大药,20250319,0.0
603963.SH,*ST大药,20250318,0.0
603963.SH,*ST大药,20250317,0.0
603963.SH,*ST大药,20250316,0.0
603963.SH,*ST大药,20250315,0.0
603963.SH,*ST大药,20250314,0.0
603963.SH,*ST大药,20250313,0.0
603963.SH,*ST大药,20250312,0.0
603963.SH,*ST大药,20250311,0.0
603963.SH,*ST大药,20250310,0.0
603963.SH,*ST大药,20250309,0.0
603963.SH,*ST大药,20250308,0.0
603963.SH,*ST大药,20250307,0.0
603963.SH,*ST大药,20250306,0.0
603963.SH,*ST大药,20250305,0.0
603963.SH,*ST大药,20250304,0.0
603963.SH,*ST大药,20250303,0.0
603963.SH,*ST大药,20250302,0.0
603963.SH,*ST大药,20250301,0.0
603963.SH,*ST大药,20250228,-13.868613138686
603963.SH,*ST大药,20250227,-13.868613138686
603963.SH,*ST大药,20250226,-13.868613138686
603963.SH,*ST大药,20250225,-13.868613138686
603963.SH,*ST大药,20250224,-13.868613138686
603963.SH,*ST大药,20250223,-13.868613138686
603963.SH,*ST大药,20250222,-13.868613138686
603963.SH,*ST大药,20250221,-13.868613138686
603963.SH,*ST大药,20250220,-13.868613138686
603963.SH,*ST大药,20250219,-13.868613138686
603963.SH,*ST大药,20250218,-13.868613138686
603963.SH,*ST大药,20250217,-13.868613138686
603963.SH,*ST大药,20250216,-13.868613138686
603963.SH,*ST大药,20250215,-13.868613138686
603963.SH,*ST大药,20250214,-13.868613138686
603963.SH,*ST大药,20250213,-13.868613138686
603963.SH,*ST大药,20250212,-13.868613138686
603963.SH,*ST大药,20250211,-13.868613138686
603963.SH,*ST大药,20250210,-13.868613138686
603963.SH,*ST大药,20250209,-13.868613138686
603963.SH,*ST大药,20250208,-13.868613138686
603963.SH,*ST大药,20250207,-13.868613138686
603963.SH,*ST大药,20250206,-13.868613138686
603963.SH,*ST大药,20250205,-13.868613138686
603963.SH,*ST大药,20250204,-13.868613138686
603963.SH,*ST大药,20250203,-13.868613138686
603963.SH,*ST大药,20250202,-13.868613138686
603963.SH,*ST大药,20250201,-13.868613138686
603963.SH,*ST大药,20250131,-43.388429752066
603963.SH,*ST大药,20250130,-43.388429752066
603963.SH,*ST大药,20250129,-43.388429752066
603963.SH,*ST大药,20250128,-43.388429752066
603963.SH,*ST大药,20250127,-43.388429752066
603963.SH,*ST大药,20250126,-43.388429752066
603963.SH,*ST大药,20250125,-43.388429752066
603963.SH,*ST大药,20250124,-43.388429752066
603963.SH,*ST大药,20250123,-43.388429752066
603963.SH,*ST大药,20250122,-43.388429752066
603963.SH,*ST大药,20250121,-43.388429752066
603963.SH,*ST大药,20250120,-43.388429752066
603963.SH,*ST大药,20250119,-43.388429752066
603963.SH,*ST大药,20250118,-43.388429752066
603963.SH,*ST大药,20250117,-43.388429752066
603963.SH,*ST大药,20250116,-43.388429752066
603963.SH,*ST大药,20250115,-43.388429752066
603963.SH,*ST大药,20250114,-43.388429752066
603963.SH,*ST大药,20250113,-43.388429752066
603963.SH,*ST大药,20250112,-43.388429752066
603963.SH,*ST大药,20250111,-43.388429752066
603963.SH,*ST大药,20250110,-43.388429752066
603963.SH,*ST大药,20250109,-43.388429752066
603963.SH,*ST大药,20250108,-43.388429752066
603963.SH,*ST大药,20250107,-43.388429752066
603963.SH,*ST大药,20250106,-43.388429752066
603963.SH,*ST大药,20250105,-43.388429752066
603963.SH,*ST大药,20250104,-43.388429752066
603963.SH,*ST大药,20250103,-43.388429752066
603963.SH,*ST大药,20250102,-43.388429752066
603963.SH,*ST大药,20250101,-43.388429752066
603963.SH,*ST大药,20241231,-23.417721518987
603963.SH,*ST大药,20241230,-23.417721518987
603963.SH,*ST大药,20241229,-23.417721518987
603963.SH,*ST大药,20241228,-23.417721518987
603963.SH,*ST大药,20241227,-23.417721518987
603963.SH,*ST大药,20241226,-23.417721518987
603963.SH,*ST大药,20241225,-23.417721518987
603963.SH,*ST大药,20241224,-23.417721518987
603963.SH,*ST大药,20241223,-23.417721518987
603963.SH,*ST大药,20241222,-23.417721518987
603963.SH,*ST大药,20241221,-23.417721518987
603963.SH,*ST大药,20241220,-23.417721518987
603963.SH,*ST大药,20241219,-23.417721518987
603963.SH,*ST大药,20241218,-23.417721518987
603963.SH,*ST大药,20241217,-23.417721518987
603963.SH,*ST大药,20241216,-23.417721518987
603963.SH,*ST大药,20241215,-23.417721518987
603963.SH,*ST大药,20241214,-23.417721518987
603963.SH,*ST大药,20241213,-23.417721518987
603963.SH,*ST大药,20241212,-23.417721518987
603963.SH,*ST大药,20241211,-23.417721518987
603963.SH,*ST大药,20241210,-23.417721518987
603963.SH,*ST大药,20241209,-23.417721518987
603963.SH,*ST大药,20241208,-23.417721518987
603963.SH,*ST大药,20241207,-23.417721518987
603963.SH,*ST大药,20241206,-23.417721518987
603963.SH,*ST大药,20241205,-23.417721518987
603963.SH,*ST大药,20241204,-23.417721518987
603963.SH,*ST大药,20241203,-23.417721518987
603963.SH,*ST大药,20241202,-23.417721518987
603963.SH,*ST大药,20241201,-23.417721518987
603963.SH,*ST大药,20241130,7.4829931972789
603963.SH,*ST大药,20241129,7.4829931972789
603963.SH,*ST大药,20241128,7.4829931972789
603963.SH,*ST大药,20241127,7.4829931972789
603963.SH,*ST大药,20241126,7.4829931972789
603963.SH,*ST大药,20241125,7.4829931972789
603963.SH,*ST大药,20241124,7.4829931972789
603963.SH,*ST大药,20241123,7.4829931972789
603963.SH,*ST大药,20241122,7.4829931972789
603963.SH,*ST大药,20241121,7.4829931972789
603963.SH,*ST大药,20241120,7.4829931972789
603963.SH,*ST大药,20241119,7.4829931972789
603963.SH,*ST大药,20241118,7.4829931972789
603963.SH,*ST大药,20241117,7.4829931972789
603963.SH,*ST大药,20241116,7.4829931972789
603963.SH,*ST大药,20241115,7.4829931972789
603963.SH,*ST大药,20241114,7.4829931972789
603963.SH,*ST大药,20241113,7.4829931972789
603963.SH,*ST大药,20241112,7.4829931972789
603963.SH,*ST大药,20241111,7.4829931972789
603963.SH,*ST大药,20241110,7.4829931972789
603963.SH,*ST大药,20241109,7.4829931972789
603963.SH,*ST大药,20241108,7.4829931972789
603963.SH,*ST大药,20241107,7.4829931972789
603963.SH,*ST大药,20241106,7.4829931972789
603963.SH,*ST大药,20241105,7.4829931972789
603963.SH,*ST大药,20241104,7.4829931972789
603963.SH,*ST大药,20241103,7.4829931972789
603963.SH,*ST大药,20241102,7.4829931972789
603963.SH,*ST大药,20241101,7.4829931972789
603963.SH,*ST大药,20241031,-3.921568627451
603963.SH,*ST大药,20241030,-3.921568627451
603963.SH,*ST大药,20241029,-3.921568627451
603963.SH,*ST大药,20241028,-3.921568627451
603963.SH,*ST大药,20241027,-3.921568627451
603963.SH,*ST大药,20241026,-3.921568627451
603963.SH,*ST大药,20241025,-3.921568627451
603963.SH,*ST大药,20241024,-3.921568627451
603963.SH,*ST大药,20241023,-3.921568627451
603963.SH,*ST大药,20241022,-3.921568627451
603963.SH,*ST大药,20241021,-3.921568627451
603963.SH,*ST大药,20241020,-3.921568627451
603963.SH,*ST大药,20241019,-3.921568627451
603963.SH,*ST大药,20241018,-3.921568627451
603963.SH,*ST大药,20241017,-3.921568627451
603963.SH,*ST大药,20241016,-3.921568627451
603963.SH,*ST大药,20241015,-3.921568627451
603963.SH,*ST大药,20241014,-3.921568627451
603963.SH,*ST大药,20241013,-3.921568627451
603963.SH,*ST大药,20241012,-3.921568627451
603963.SH,*ST大药,20241011,-3.921568627451
603963.SH,*ST大药,20241010,-3.921568627451
603963.SH,*ST大药,20241009,-3.921568627451
603963.SH,*ST大药,20241008,-3.921568627451
603963.SH,*ST大药,20241007,-3.921568627451
603963.SH,*ST大药,20241006,-3.921568627451
603963.SH,*ST大药,20241005,-3.921568627451
603963.SH,*ST大药,20241004,-3.921568627451
603963.SH,*ST大药,20241003,-3.921568627451
603963.SH,*ST大药,20241002,-3.921568627451
603963.SH,*ST大药,20241001,-3.921568627451
603963.SH,*ST大药,20240930,-7.5528700906344
603963.SH,*ST大药,20240929,-7.5528700906344
603963.SH,*ST大药,20240928,-7.5528700906344
603963.SH,*ST大药,20240927,-7.5528700906344
603963.SH,*ST大药,20240926,-7.5528700906344
603963.SH,*ST大药,20240925,-7.5528700906344
603963.SH,*ST大药,20240924,-7.5528700906344
603963.SH,*ST大药,20240923,-7.5528700906344
603963.SH,*ST大药,20240922,-7.5528700906344
603963.SH,*ST大药,20240921,-7.5528700906344
603963.SH,*ST大药,20240920,-7.5528700906344
603963.SH,*ST大药,20240919,-7.5528700906344
603963.SH,*ST大药,20240918,-7.5528700906344
603963.SH,*ST大药,20240917,-7.5528700906344
603963.SH,*ST大药,20240916,-7.5528700906344
603963.SH,*ST大药,20240915,-7.5528700906344
603963.SH,*ST大药,20240914,-7.5528700906344
603963.SH,*ST大药,20240913,-7.5528700906344
603963.SH,*ST大药,20240912,-7.5528700906344
603963.SH,*ST大药,20240911,-7.5528700906344
603963.SH,*ST大药,20240910,-7.5528700906344
603963.SH,*ST大药,20240909,-7.5528700906344
603963.SH,*ST大药,20240908,-7.5528700906344
603963.SH,*ST大药,20240907,-7.5528700906344
603963.SH,*ST大药,20240906,-7.5528700906344
603963.SH,*ST大药,20240905,-7.5528700906344
603963.SH,*ST大药,20240904,-7.5528700906344
603963.SH,*ST大药,20240903,-7.5528700906344
603963.SH,*ST大药,20240902,-7.5528700906344
603963.SH,*ST大药,20240901,-7.5528700906344
603963.SH,*ST大药,20240831,10.702341137124
603963.SH,*ST大药,20240830,10.702341137124
603963.SH,*ST大药,20240829,10.702341137124
603963.SH,*ST大药,20240828,10.702341137124
603963.SH,*ST大药,20240827,10.702341137124
603963.SH,*ST大药,20240826,10.702341137124
603963.SH,*ST大药,20240825,10.702341137124
603963.SH,*ST大药,20240824,10.702341137124
603963.SH,*ST大药,20240823,10.702341137124
603963.SH,*ST大药,20240822,10.702341137124
603963.SH,*ST大药,20240821,10.702341137124
603963.SH,*ST大药,20240820,10.702341137124
603963.SH,*ST大药,20240819,10.702341137124
603963.SH,*ST大药,20240818,10.702341137124
603963.SH,*ST大药,20240817,10.702341137124
603963.SH,*ST大药,20240816,10.702341137124
603963.SH,*ST大药,20240815,10.702341137124
603963.SH,*ST大药,20240814,10.702341137124
603963.SH,*ST大药,20240813,10.702341137124
603963.SH,*ST大药,20240812,10.702341137124
603963.SH,*ST大药,20240811,10.702341137124
603963.SH,*ST大药,20240810,10.702341137124
603963.SH,*ST大药,20240809,10.702341137124
603963.SH,*ST大药,20240808,10.702341137124
603963.SH,*ST大药,20240807,10.702341137124
603963.SH,*ST大药,20240806,10.702341137124
603963.SH,*ST大药,20240805,10.702341137124
603963.SH,*ST大药,20240804,10.702341137124
603963.SH,*ST大药,20240803,10.702341137124
603963.SH,*ST大药,20240802,10.702341137124
603963.SH,*ST大药,20240801,10.702341137124
603963.SH,*ST大药,20240731,19.6
603963.SH,*ST大药,20240730,19.6
603963.SH,*ST大药,20240729,19.6
603963.SH,*ST大药,20240728,19.6
603963.SH,*ST大药,20240727,19.6
603963.SH,*ST大药,20240726,19.6
603963.SH,*ST大药,20240725,19.6
603963.SH,*ST大药,20240724,19.6
603963.SH,*ST大药,20240723,19.6
603963.SH,*ST大药,20240722,19.6
603963.SH,*ST大药,20240721,19.6
603963.SH,*ST大药,20240720,19.6
603963.SH,*ST大药,20240719,19.6
603963.SH,*ST大药,20240718,19.6
603963.SH,*ST大药,20240717,19.6
603963.SH,*ST大药,20240716,19.6
603963.SH,*ST大药,20240715,19.6
603963.SH,*ST大药,20240714,19.6
603963.SH,*ST大药,20240713,19.6
603963.SH,*ST大药,20240712,19.6
603963.SH,*ST大药,20240711,19.6
603963.SH,*ST大药,20240710,19.6
603963.SH,*ST大药,20240709,19.6
603963.SH,*ST大药,20240708,19.6
603963.SH,*ST大药,20240707,19.6
603963.SH,*ST大药,20240706,19.6
603963.SH,*ST大药,20240705,19.6
603963.SH,*ST大药,20240704,19.6
603963.SH,*ST大药,20240703,19.6
603963.SH,*ST大药,20240702,19.6
603963.SH,*ST大药,20240701,19.6
603963.SH,*ST大药,20240630,-28.571428571429
603963.SH,*ST大药,20240629,-28.571428571429
603963.SH,*ST大药,20240628,-28.571428571429
603963.SH,*ST大药,20240627,-28.571428571429
603963.SH,*ST大药,20240626,-28.571428571429
603963.SH,*ST大药,20240625,-28.571428571429
603963.SH,*ST大药,20240624,-28.571428571429
603963.SH,*ST大药,20240623,-28.571428571429
603963.SH,*ST大药,20240622,-28.571428571429
603963.SH,*ST大药,20240621,-28.571428571429
603963.SH,*ST大药,20240620,-28.571428571429
603963.SH,*ST大药,20240619,-28.571428571429
603963.SH,*ST大药,20240618,-28.571428571429
603963.SH,*ST大药,20240617,-28.571428571429
603963.SH,*ST大药,20240616,-28.571428571429
603963.SH,*ST大药,20240615,-28.571428571429
603963.SH,*ST大药,20240614,-28.571428571429
603963.SH,*ST大药,20240613,-28.571428571429
603963.SH,*ST大药,20240612,-28.571428571429
603963.SH,*ST大药,20240611,-28.571428571429
603963.SH,*ST大药,20240610,-28.571428571429
603963.SH,*ST大药,20240609,-28.571428571429
603963.SH,*ST大药,20240608,-28.571428571429
603963.SH,*ST大药,20240607,-28.571428571429
603963.SH,*ST大药,20240606,-28.571428571429
603963.SH,*ST大药,20240605,-28.571428571429
603963.SH,*ST大药,20240604,-28.571428571429
603963.SH,*ST大药,20240603,-28.571428571429
603963.SH,*ST大药,20240602,-28.571428571429
603963.SH,*ST大药,20240601,-28.571428571429
603963.SH,*ST大药,20240531,-52.185792349727
603963.SH,*ST大药,20240530,-52.185792349727
603963.SH,*ST大药,20240529,-52.185792349727
603963.SH,*ST大药,20240528,-52.185792349727
603963.SH,*ST大药,20240527,-52.185792349727
603963.SH,*ST大药,20240526,-52.185792349727
603963.SH,*ST大药,20240525,-52.185792349727
603963.SH,*ST大药,20240524,-52.185792349727
603963.SH,*ST大药,20240523,-52.185792349727
603963.SH,*ST大药,20240522,-52.185792349727
603963.SH,*ST大药,20240521,-52.185792349727
603963.SH,*ST大药,20240520,-52.185792349727
603963.SH,*ST大药,20240519,-52.185792349727
603963.SH,*ST大药,20240518,-52.185792349727
603963.SH,*ST大药,20240517,-52.185792349727
603963.SH,*ST大药,20240516,-52.185792349727
603963.SH,*ST大药,20240515,-52.185792349727
603963.SH,*ST大药,20240514,-52.185792349727
603963.SH,*ST大药,20240513,-52.185792349727
603963.SH,*ST大药,20240512,-52.185792349727
603963.SH,*ST大药,20240511,-52.185792349727
603963.SH,*ST大药,20240510,-52.185792349727
603963.SH,*ST大药,20240509,-52.185792349727
603963.SH,*ST大药,20240508,-52.185792349727
603963.SH,*ST大药,20240507,-52.185792349727
603963.SH,*ST大药,20240506,-52.185792349727
603963.SH,*ST大药,20240505,-52.185792349727
603963.SH,*ST大药,20240504,-52.185792349727
603963.SH,*ST大药,20240503,-52.185792349727
603963.SH,*ST大药,20240502,-52.185792349727
603963.SH,*ST大药,20240501,-52.185792349727
603963.SH,*ST大药,20240430,-34.231805929919
603963.SH,*ST大药,20240429,-34.231805929919
603963.SH,*ST大药,20240428,-34.231805929919
603963.SH,*ST大药,20240427,-34.231805929919
603963.SH,*ST大药,20240426,-34.231805929919
603963.SH,*ST大药,20240425,-34.231805929919
603963.SH,*ST大药,20240424,-34.231805929919
603963.SH,*ST大药,20240423,-34.231805929919
603963.SH,*ST大药,20240422,-34.231805929919
603963.SH,*ST大药,20240421,-34.231805929919
603963.SH,*ST大药,20240420,-34.231805929919
603963.SH,*ST大药,20240419,-34.231805929919
603963.SH,*ST大药,20240418,-34.231805929919
603963.SH,*ST大药,20240417,-34.231805929919
603963.SH,*ST大药,20240416,-34.231805929919
603963.SH,*ST大药,20240415,-34.231805929919
603963.SH,*ST大药,20240414,-34.231805929919
603963.SH,*ST大药,20240413,-34.231805929919
603963.SH,*ST大药,20240412,-34.231805929919
603963.SH,*ST大药,20240411,-34.231805929919
603963.SH,*ST大药,20240410,-34.231805929919
603963.SH,*ST大药,20240409,-34.231805929919
603963.SH,*ST大药,20240408,-34.231805929919
603963.SH,*ST大药,20240407,-34.231805929919
603963.SH,*ST大药,20240406,-34.231805929919
603963.SH,*ST大药,20240405,-34.231805929919
603963.SH,*ST大药,20240404,-34.231805929919
603963.SH,*ST大药,20240403,-34.231805929919
603963.SH,*ST大药,20240402,-34.231805929919
603963.SH,*ST大药,20240401,-34.231805929919
603963.SH,*ST大药,20240331,44.733420026008
603963.SH,*ST大药,20240330,44.733420026008
603963.SH,*ST大药,20240329,44.733420026008
603963.SH,*ST大药,20240328,44.733420026008
603963.SH,*ST大药,20240327,44.733420026008
603963.SH,*ST大药,20240326,44.733420026008
603963.SH,*ST大药,20240325,44.733420026008
603963.SH,*ST大药,20240324,44.733420026008
603963.SH,*ST大药,20240323,44.733420026008
603963.SH,*ST大药,20240322,44.733420026008
603963.SH,*ST大药,20240321,44.733420026008
603963.SH,*ST大药,20240320,44.733420026008
603963.SH,*ST大药,20240319,44.733420026008
603963.SH,*ST大药,20240318,44.733420026008
603963.SH,*ST大药,20240317,44.733420026008
603963.SH,*ST大药,20240316,44.733420026008
603963.SH,*ST大药,20240315,44.733420026008
603963.SH,*ST大药,20240314,44.733420026008
603963.SH,*ST大药,20240313,44.733420026008
603963.SH,*ST大药,20240312,44.733420026008
603963.SH,*ST大药,20240311,44.733420026008
603963.SH,*ST大药,20240310,44.733420026008
603963.SH,*ST大药,20240309,44.733420026008
603963.SH,*ST大药,20240308,44.733420026008
603963.SH,*ST大药,20240307,44.733420026008
603963.SH,*ST大药,20240306,44.733420026008
603963.SH,*ST大药,20240305,44.733420026008
603963.SH,*ST大药,20240304,44.733420026008
603963.SH,*ST大药,20240303,44.733420026008
603963.SH,*ST大药,20240302,44.733420026008
603963.SH,*ST大药,20240301,44.733420026008
603963.SH,*ST大药,20240229,-12.910532276331
603963.SH,*ST大药,20240228,-12.910532276331
603963.SH,*ST大药,20240227,-12.910532276331
603963.SH,*ST大药,20240226,-12.910532276331
603963.SH,*ST大药,20240225,-12.910532276331
603963.SH,*ST大药,20240224,-12.910532276331
603963.SH,*ST大药,20240223,-12.910532276331
603963.SH,*ST大药,20240222,-12.910532276331
603963.SH,*ST大药,20240221,-12.910532276331
603963.SH,*ST大药,20240220,-12.910532276331
603963.SH,*ST大药,20240219,-12.910532276331
603963.SH,*ST大药,20240218,-12.910532276331
603963.SH,*ST大药,20240217,-12.910532276331
603963.SH,*ST大药,20240216,-12.910532276331
603963.SH,*ST大药,20240215,-12.910532276331
603963.SH,*ST大药,20240214,-12.910532276331
603963.SH,*ST大药,20240213,-12.910532276331
603963.SH,*ST大药,20240212,-12.910532276331
603963.SH,*ST大药,20240211,-12.910532276331
603963.SH,*ST大药,20240210,-12.910532276331
603963.SH,*ST大药,20240209,-12.910532276331
603963.SH,*ST大药,20240208,-12.910532276331
603963.SH,*ST大药,20240207,-12.910532276331
603963.SH,*ST大药,20240206,-12.910532276331
603963.SH,*ST大药,20240205,-12.910532276331
603963.SH,*ST大药,20240204,-12.910532276331
603963.SH,*ST大药,20240203,-12.910532276331
603963.SH,*ST大药,20240202,-12.910532276331
603963.SH,*ST大药,20240201,-12.910532276331
603963.SH,*ST大药,20240131,-25.673400673401
603963.SH,*ST大药,20240130,-25.673400673401
603963.SH,*ST大药,20240129,-25.673400673401
603963.SH,*ST大药,20240128,-25.673400673401
603963.SH,*ST大药,20240127,-25.673400673401
603963.SH,*ST大药,20240126,-25.673400673401
603963.SH,*ST大药,20240125,-25.673400673401
603963.SH,*ST大药,20240124,-25.673400673401
603963.SH,*ST大药,20240123,-25.673400673401
603963.SH,*ST大药,20240122,-25.673400673401
603963.SH,*ST大药,20240121,-25.673400673401
603963.SH,*ST大药,20240120,-25.673400673401
603963.SH,*ST大药,20240119,-25.673400673401
603963.SH,*ST大药,20240118,-25.673400673401
603963.SH,*ST大药,20240117,-25.673400673401
603963.SH,*ST大药,20240116,-25.673400673401
603963.SH,*ST大药,20240115,-25.673400673401
603963.SH,*ST大药,20240114,-25.673400673401
603963.SH,*ST大药,20240113,-25.673400673401
603963.SH,*ST大药,20240112,-25.673400673401
603963.SH,*ST大药,20240111,-25.673400673401
603963.SH,*ST大药,20240110,-25.673400673401
603963.SH,*ST大药,20240109,-25.673400673401
603963.SH,*ST大药,20240108,-25.673400673401
603963.SH,*ST大药,20240107,-25.673400673401
603963.SH,*ST大药,20240106,-25.673400673401
603963.SH,*ST大药,20240105,-25.673400673401
603963.SH,*ST大药,20240104,-25.673400673401
603963.SH,*ST大药,20240103,-25.673400673401
603963.SH,*ST大药,20240102,-25.673400673401
603963.SH,*ST大药,20240101,-25.673400673401
603963.SH,*ST大药,20231231,-0.084104289318753
603963.SH,*ST大药,20231230,-0.084104289318753
603963.SH,*ST大药,20231229,-0.084104289318753
603963.SH,*ST大药,20231228,-0.084104289318753
603963.SH,*ST大药,20231227,-0.084104289318753
603963.SH,*ST大药,20231226,-0.084104289318753
603963.SH,*ST大药,20231225,-0.084104289318753
603963.SH,*ST大药,20231224,-0.084104289318753
603963.SH,*ST大药,20231223,-0.084104289318753
603963.SH,*ST大药,20231222,-0.084104289318753
603963.SH,*ST大药,20231221,-0.084104289318753
603963.SH,*ST大药,20231220,-0.084104289318753
603963.SH,*ST大药,20231219,-0.084104289318753
603963.SH,*ST大药,20231218,-0.084104289318753
603963.SH,*ST大药,20231217,-0.084104289318753
603963.SH,*ST大药,20231216,-0.084104289318753
603963.SH,*ST大药,20231215,-0.084104289318753
603963.SH,*ST大药,20231214,-0.084104289318753
603963.SH,*ST大药,20231213,-0.084104289318753
603963.SH,*ST大药,20231212,-0.084104289318753
603963.SH,*ST大药,20231211,-0.084104289318753
603963.SH,*ST大药,20231210,-0.084104289318753
603963.SH,*ST大药,20231209,-0.084104289318753
603963.SH,*ST大药,20231208,-0.084104289318753
603963.SH,*ST大药,20231207,-0.084104289318753
603963.SH,*ST大药,20231206,-0.084104289318753
603963.SH,*ST大药,20231205,-0.084104289318753
603963.SH,*ST大药,20231204,-0.084104289318753
603963.SH,*ST大药,20231203,-0.084104289318753
603963.SH,*ST大药,20231202,-0.084104289318753
603963.SH,*ST大药,20231201,-0.084104289318753
603963.SH,*ST大药,20231130,5.9714795008913
603963.SH,*ST大药,20231129,5.9714795008913
603963.SH,*ST大药,20231128,5.9714795008913
603963.SH,*ST大药,20231127,5.9714795008913
603963.SH,*ST大药,20231126,5.9714795008913
603963.SH,*ST大药,20231125,5.9714795008913
603963.SH,*ST大药,20231124,5.9714795008913
603963.SH,*ST大药,20231123,5.9714795008913
603963.SH,*ST大药,20231122,5.9714795008913
603963.SH,*ST大药,20231121,5.9714795008913
603963.SH,*ST大药,20231120,5.9714795008913
603963.SH,*ST大药,20231119,5.9714795008913
603963.SH,*ST大药,20231118,5.9714795008913
603963.SH,*ST大药,20231117,5.9714795008913
603963.SH,*ST大药,20231116,5.9714795008913
603963.SH,*ST大药,20231115,5.9714795008913
603963.SH,*ST大药,20231114,5.9714795008913
603963.SH,*ST大药,20231113,5.9714795008913
603963.SH,*ST大药,20231112,5.9714795008913
603963.SH,*ST大药,20231111,5.9714795008913
603963.SH,*ST大药,20231110,5.9714795008913
603963.SH,*ST大药,20231109,5.9714795008913
603963.SH,*ST大药,20231108,5.9714795008913
603963.SH,*ST大药,20231107,5.9714795008913
603963.SH,*ST大药,20231106,5.9714795008913
603963.SH,*ST大药,20231105,5.9714795008913
603963.SH,*ST大药,20231104,5.9714795008913
603963.SH,*ST大药,20231103,5.9714795008913
603963.SH,*ST大药,20231102,5.9714795008913
603963.SH,*ST大药,20231101,5.9714795008913
603963.SH,*ST大药,20231031,-0.089047195013355
603963.SH,*ST大药,20231030,-0.089047195013355
603963.SH,*ST大药,20231029,-0.089047195013355
603963.SH,*ST大药,20231028,-0.089047195013355
603963.SH,*ST大药,20231027,-0.089047195013355
603963.SH,*ST大药,20231026,-0.089047195013355
603963.SH,*ST大药,20231025,-0.089047195013355
603963.SH,*ST大药,20231024,-0.089047195013355
603963.SH,*ST大药,20231023,-0.089047195013355
603963.SH,*ST大药,20231022,-0.089047195013355
603963.SH,*ST大药,20231021,-0.089047195013355
603963.SH,*ST大药,20231020,-0.089047195013355
603963.SH,*ST大药,20231019,-0.089047195013355
603963.SH,*ST大药,20231018,-0.089047195013355
603963.SH,*ST大药,20231017,-0.089047195013355
603963.SH,*ST大药,20231016,-0.089047195013355
603963.SH,*ST大药,20231015,-0.089047195013355
603963.SH,*ST大药,20231014,-0.089047195013355
603963.SH,*ST大药,20231013,-0.089047195013355
603963.SH,*ST大药,20231012,-0.089047195013355
603963.SH,*ST大药,20231011,-0.089047195013355
603963.SH,*ST大药,20231010,-0.089047195013355
603963.SH,*ST大药,20231009,-0.089047195013355
603963.SH,*ST大药,20231008,-0.089047195013355
603963.SH,*ST大药,20231007,-0.089047195013355
603963.SH,*ST大药,20231006,-0.089047195013355
603963.SH,*ST大药,20231005,-0.089047195013355
603963.SH,*ST大药,20231004,-0.089047195013355
603963.SH,*ST大药,20231003,-0.089047195013355
603963.SH,*ST大药,20231002,-0.089047195013355
603963.SH,*ST大药,20231001,-0.089047195013355
603963.SH,*ST大药,20230930,-0.44326241134751
603963.SH,*ST大药,20230929,-0.44326241134751
603963.SH,*ST大药,20230928,-0.44326241134751
603963.SH,*ST大药,20230927,-0.44326241134751
603963.SH,*ST大药,20230926,-0.44326241134751
603963.SH,*ST大药,20230925,-0.44326241134751
603963.SH,*ST大药,20230924,-0.44326241134751
603963.SH,*ST大药,20230923,-0.44326241134751
603963.SH,*ST大药,20230922,-0.44326241134751
603963.SH,*ST大药,20230921,-0.44326241134751
603963.SH,*ST大药,20230920,-0.44326241134751
603963.SH,*ST大药,20230919,-0.44326241134751
603963.SH,*ST大药,20230918,-0.44326241134751
603963.SH,*ST大药,20230917,-0.44326241134751
603963.SH,*ST大药,20230916,-0.44326241134751
603963.SH,*ST大药,20230915,-0.44326241134751
603963.SH,*ST大药,20230914,-0.44326241134751
603963.SH,*ST大药,20230913,-0.44326241134751
603963.SH,*ST大药,20230912,-0.44326241134751
603963.SH,*ST大药,20230911,-0.44326241134751
603963.SH,*ST大药,20230910,-0.44326241134751
603963.SH,*ST大药,20230909,-0.44326241134751
603963.SH,*ST大药,20230908,-0.44326241134751
603963.SH,*ST大药,20230907,-0.44326241134751
603963.SH,*ST大药,20230906,-0.44326241134751
603963.SH,*ST大药,20230905,-0.44326241134751
603963.SH,*ST大药,20230904,-0.44326241134751
603963.SH,*ST大药,20230903,-0.44326241134751
603963.SH,*ST大药,20230902,-0.44326241134751
603963.SH,*ST大药,20230901,-0.44326241134751
603963.SH,*ST大药,20230831,0.71428571428571
603963.SH,*ST大药,20230830,0.71428571428571
603963.SH,*ST大药,20230829,0.71428571428571
603963.SH,*ST大药,20230828,0.71428571428571
603963.SH,*ST大药,20230827,0.71428571428571
603963.SH,*ST大药,20230826,0.71428571428571
603963.SH,*ST大药,20230825,0.71428571428571
603963.SH,*ST大药,20230824,0.71428571428571
603963.SH,*ST大药,20230823,0.71428571428571
603963.SH,*ST大药,20230822,0.71428571428571
603963.SH,*ST大药,20230821,0.71428571428571
603963.SH,*ST大药,20230820,0.71428571428571
603963.SH,*ST大药,20230819,0.71428571428571
603963.SH,*ST大药,20230818,0.71428571428571
603963.SH,*ST大药,20230817,0.71428571428571
603963.SH,*ST大药,20230816,0.71428571428571
603963.SH,*ST大药,20230815,0.71428571428571
603963.SH,*ST大药,20230814,0.71428571428571
603963.SH,*ST大药,20230813,0.71428571428571
603963.SH,*ST大药,20230812,0.71428571428571
603963.SH,*ST大药,20230811,0.71428571428571
603963.SH,*ST大药,20230810,0.71428571428571
603963.SH,*ST大药,20230809,0.71428571428571
603963.SH,*ST大药,20230808,0.71428571428571
603963.SH,*ST大药,20230807,0.71428571428571
603963.SH,*ST大药,20230806,0.71428571428571
603963.SH,*ST大药,20230805,0.71428571428571
603963.SH,*ST大药,20230804,0.71428571428571
603963.SH,*ST大药,20230803,0.71428571428571
603963.SH,*ST大药,20230802,0.71428571428571
603963.SH,*ST大药,20230801,0.71428571428571
603963.SH,*ST大药,20230731,-0.089206066012503
603963.SH,*ST大药,20230730,-0.089206066012503
603963.SH,*ST大药,20230729,-0.089206066012503
603963.SH,*ST大药,20230728,-0.089206066012503
603963.SH,*ST大药,20230727,-0.089206066012503
603963.SH,*ST大药,20230726,-0.089206066012503
603963.SH,*ST大药,20230725,-0.089206066012503
603963.SH,*ST大药,20230724,-0.089206066012503
603963.SH,*ST大药,20230723,-0.089206066012503
603963.SH,*ST大药,20230722,-0.089206066012503
603963.SH,*ST大药,20230721,-0.089206066012503
603963.SH,*ST大药,20230720,-0.089206066012503
603963.SH,*ST大药,20230719,-0.089206066012503
603963.SH,*ST大药,20230718,-0.089206066012503
603963.SH,*ST大药,20230717,-0.089206066012503
603963.SH,*ST大药,20230716,-0.089206066012503
603963.SH,*ST大药,20230715,-0.089206066012503
603963.SH,*ST大药,20230714,-0.089206066012503
603963.SH,*ST大药,20230713,-0.089206066012503
603963.SH,*ST大药,20230712,-0.089206066012503
603963.SH,*ST大药,20230711,-0.089206066012503
603963.SH,*ST大药,20230710,-0.089206066012503
603963.SH,*ST大药,20230709,-0.089206066012503
603963.SH,*ST大药,20230708,-0.089206066012503
603963.SH,*ST大药,20230707,-0.089206066012503
603963.SH,*ST大药,20230706,-0.089206066012503
603963.SH,*ST大药,20230705,-0.089206066012503
603963.SH,*ST大药,20230704,-0.089206066012503
603963.SH,*ST大药,20230703,-0.089206066012503
603963.SH,*ST大药,20230702,-0.089206066012503
603963.SH,*ST大药,20230701,-0.089206066012503
603963.SH,*ST大药,20230630,-0.70859167404781
603963.SH,*ST大药,20230629,-0.70859167404781
603963.SH,*ST大药,20230628,-0.70859167404781
603963.SH,*ST大药,20230627,-0.70859167404781
603963.SH,*ST大药,20230626,-0.70859167404781
603963.SH,*ST大药,20230625,-0.70859167404781
603963.SH,*ST大药,20230624,-0.70859167404781
603963.SH,*ST大药,20230623,-0.70859167404781
603963.SH,*ST大药,20230622,-0.70859167404781
603963.SH,*ST大药,20230621,-0.70859167404781
603963.SH,*ST大药,20230620,-0.70859167404781
603963.SH,*ST大药,20230619,-0.70859167404781
603963.SH,*ST大药,20230618,-0.70859167404781
603963.SH,*ST大药,20230617,-0.70859167404781
603963.SH,*ST大药,20230616,-0.70859167404781
603963.SH,*ST大药,20230615,-0.70859167404781
603963.SH,*ST大药,20230614,-0.70859167404781
603963.SH,*ST大药,20230613,-0.70859167404781
603963.SH,*ST大药,20230612,-0.70859167404781
603963.SH,*ST大药,20230611,-0.70859167404781
603963.SH,*ST大药,20230610,-0.70859167404781
603963.SH,*ST大药,20230609,-0.70859167404781
603963.SH,*ST大药,20230608,-0.70859167404781
603963.SH,*ST大药,20230607,-0.70859167404781
603963.SH,*ST大药,20230606,-0.70859167404781
603963.SH,*ST大药,20230605,-0.70859167404781
603963.SH,*ST大药,20230604,-0.70859167404781
603963.SH,*ST大药,20230603,-0.70859167404781
603963.SH,*ST大药,20230602,-0.70859167404781
603963.SH,*ST大药,20230601,-0.70859167404781
603963.SH,*ST大药,20230531,0.62388591800355
603963.SH,*ST大药,20230530,0.62388591800355
603963.SH,*ST大药,20230529,0.62388591800355
603963.SH,*ST大药,20230528,0.62388591800355
603963.SH,*ST大药,20230527,0.62388591800355
603963.SH,*ST大药,20230526,0.62388591800355
603963.SH,*ST大药,20230525,0.62388591800355
603963.SH,*ST大药,20230524,0.62388591800355
603963.SH,*ST大药,20230523,0.62388591800355
603963.SH,*ST大药,20230522,0.62388591800355
603963.SH,*ST大药,20230521,0.62388591800355
603963.SH,*ST大药,20230520,0.62388591800355
603963.SH,*ST大药,20230519,0.62388591800355
603963.SH,*ST大药,20230518,0.62388591800355
603963.SH,*ST大药,20230517,0.62388591800355
603963.SH,*ST大药,20230516,0.62388591800355
603963.SH,*ST大药,20230515,0.62388591800355
603963.SH,*ST大药,20230514,0.62388591800355
603963.SH,*ST大药,20230513,0.62388591800355
603963.SH,*ST大药,20230512,0.62388591800355
603963.SH,*ST大药,20230511,0.62388591800355
603963.SH,*ST大药,20230510,0.62388591800355
603963.SH,*ST大药,20230509,0.62388591800355
603963.SH,*ST大药,20230508,0.62388591800355
603963.SH,*ST大药,20230507,0.62388591800355
603963.SH,*ST大药,20230506,0.62388591800355
603963.SH,*ST大药,20230505,0.62388591800355
603963.SH,*ST大药,20230504,0.62388591800355
603963.SH,*ST大药,20230503,0.62388591800355
603963.SH,*ST大药,20230502,0.62388591800355
603963.SH,*ST大药,20230501,0.62388591800355
603963.SH,*ST大药,20230430,-4.7538200339558
603963.SH,*ST大药,20230429,-4.7538200339558
603963.SH,*ST大药,20230428,-4.7538200339558
603963.SH,*ST大药,20230427,-4.7538200339558
603963.SH,*ST大药,20230426,-4.7538200339558
603963.SH,*ST大药,20230425,-4.7538200339558
603963.SH,*ST大药,20230424,-4.7538200339558
603963.SH,*ST大药,20230423,-4.7538200339558
603963.SH,*ST大药,20230422,-4.7538200339558
603963.SH,*ST大药,20230421,-4.7538200339558
603963.SH,*ST大药,20230420,-4.7538200339558
603963.SH,*ST大药,20230419,-4.7538200339558
603963.SH,*ST大药,20230418,-4.7538200339558
603963.SH,*ST大药,20230417,-4.7538200339558
603963.SH,*ST大药,20230416,-4.7538200339558
603963.SH,*ST大药,20230415,-4.7538200339558
603963.SH,*ST大药,20230414,-4.7538200339558
603963.SH,*ST大药,20230413,-4.7538200339558
603963.SH,*ST大药,20230412,-4.7538200339558
603963.SH,*ST大药,20230411,-4.7538200339558
603963.SH,*ST大药,20230410,-4.7538200339558
603963.SH,*ST大药,20230409,-4.7538200339558
603963.SH,*ST大药,20230408,-4.7538200339558
603963.SH,*ST大药,20230407,-4.7538200339558
603963.SH,*ST大药,20230406,-4.7538200339558
603963.SH,*ST大药,20230405,-4.7538200339558
603963.SH,*ST大药,20230404,-4.7538200339558
603963.SH,*ST大药,20230403,-4.7538200339558
603963.SH,*ST大药,20230402,-4.7538200339558
603963.SH,*ST大药,20230401,-4.7538200339558
603963.SH,*ST大药,20230331,-12.611275964392
603963.SH,*ST大药,20230330,-12.611275964392
603963.SH,*ST大药,20230329,-12.611275964392
603963.SH,*ST大药,20230328,-12.611275964392
603963.SH,*ST大药,20230327,-12.611275964392
603963.SH,*ST大药,20230326,-12.611275964392
603963.SH,*ST大药,20230325,-12.611275964392
603963.SH,*ST大药,20230324,-12.611275964392
603963.SH,*ST大药,20230323,-12.611275964392
603963.SH,*ST大药,20230322,-12.611275964392
603963.SH,*ST大药,20230321,-12.611275964392
603963.SH,*ST大药,20230320,-12.611275964392
603963.SH,*ST大药,20230319,-12.611275964392
603963.SH,*ST大药,20230318,-12.611275964392
603963.SH,*ST大药,20230317,-12.611275964392
603963.SH,*ST大药,20230316,-12.611275964392
603963.SH,*ST大药,20230315,-12.611275964392
603963.SH,*ST大药,20230314,-12.611275964392
603963.SH,*ST大药,20230313,-12.611275964392
603963.SH,*ST大药,20230312,-12.611275964392
603963.SH,*ST大药,20230311,-12.611275964392
603963.SH,*ST大药,20230310,-12.611275964392
603963.SH,*ST大药,20230309,-12.611275964392
603963.SH,*ST大药,20230308,-12.611275964392
603963.SH,*ST大药,20230307,-12.611275964392
603963.SH,*ST大药,20230306,-12.611275964392
603963.SH,*ST大药,20230305,-12.611275964392
603963.SH,*ST大药,20230304,-12.611275964392
603963.SH,*ST大药,20230303,-12.611275964392
603963.SH,*ST大药,20230302,-12.611275964392
603963.SH,*ST大药,20230301,-12.611275964392
603963.SH,*ST大药,20230228,3.9321511179645
603963.SH,*ST大药,20230227,3.9321511179645
603963.SH,*ST大药,20230226,3.9321511179645
603963.SH,*ST大药,20230225,3.9321511179645
603963.SH,*ST大药,20230224,3.9321511179645
603963.SH,*ST大药,20230223,3.9321511179645
603963.SH,*ST大药,20230222,3.9321511179645
603963.SH,*ST大药,20230221,3.9321511179645
603963.SH,*ST大药,20230220,3.9321511179645
603963.SH,*ST大药,20230219,3.9321511179645
603963.SH,*ST大药,20230218,3.9321511179645
603963.SH,*ST大药,20230217,3.9321511179645
603963.SH,*ST大药,20230216,3.9321511179645
603963.SH,*ST大药,20230215,3.9321511179645
603963.SH,*ST大药,20230214,3.9321511179645
603963.SH,*ST大药,20230213,3.9321511179645
603963.SH,*ST大药,20230212,3.9321511179645
603963.SH,*ST大药,20230211,3.9321511179645
603963.SH,*ST大药,20230210,3.9321511179645
603963.SH,*ST大药,20230209,3.9321511179645
603963.SH,*ST大药,20230208,3.9321511179645
603963.SH,*ST大药,20230207,3.9321511179645
603963.SH,*ST大药,20230206,3.9321511179645
603963.SH,*ST大药,20230205,3.9321511179645
603963.SH,*ST大药,20230204,3.9321511179645
603963.SH,*ST大药,20230203,3.9321511179645
603963.SH,*ST大药,20230202,3.9321511179645
603963.SH,*ST大药,20230201,3.9321511179645
603963.SH,*ST大药,20230131,-0.68912710566616
603963.SH,*ST大药,20230130,-0.68912710566616
603963.SH,*ST大药,20230129,-0.68912710566616
603963.SH,*ST大药,20230128,-0.68912710566616
603963.SH,*ST大药,20230127,-0.68912710566616
603963.SH,*ST大药,20230126,-0.68912710566616
603963.SH,*ST大药,20230125,-0.68912710566616
603963.SH,*ST大药,20230124,-0.68912710566616
603963.SH,*ST大药,20230123,-0.68912710566616
603963.SH,*ST大药,20230122,-0.68912710566616
603963.SH,*ST大药,20230121,-0.68912710566616
603963.SH,*ST大药,20230120,-0.68912710566616
603963.SH,*ST大药,20230119,-0.68912710566616
603963.SH,*ST大药,20230118,-0.68912710566616
603963.SH,*ST大药,20230117,-0.68912710566616
603963.SH,*ST大药,20230116,-0.68912710566616
603963.SH,*ST大药,20230115,-0.68912710566616
603963.SH,*ST大药,20230114,-0.68912710566616
603963.SH,*ST大药,20230113,-0.68912710566616
603963.SH,*ST大药,20230112,-0.68912710566616
603963.SH,*ST大药,20230111,-0.68912710566616
603963.SH,*ST大药,20230110,-0.68912710566616
603963.SH,*ST大药,20230109,-0.68912710566616
603963.SH,*ST大药,20230108,-0.68912710566616
603963.SH,*ST大药,20230107,-0.68912710566616
603963.SH,*ST大药,20230106,-0.68912710566616
603963.SH,*ST大药,20230105,-0.68912710566616
603963.SH,*ST大药,20230104,-0.68912710566616
603963.SH,*ST大药,20230103,-0.68912710566616
603963.SH,*ST大药,20230102,-0.68912710566616
603963.SH,*ST大药,20230101,-0.68912710566616
603963.SH,*ST大药,20221231,-14.640522875817
603963.SH,*ST大药,20221230,-14.640522875817
603963.SH,*ST大药,20221229,-14.640522875817
603963.SH,*ST大药,20221228,-14.640522875817
603963.SH,*ST大药,20221227,-14.640522875817
603963.SH,*ST大药,20221226,-14.640522875817
603963.SH,*ST大药,20221225,-14.640522875817
603963.SH,*ST大药,20221224,-14.640522875817
603963.SH,*ST大药,20221223,-14.640522875817
603963.SH,*ST大药,20221222,-14.640522875817
603963.SH,*ST大药,20221221,-14.640522875817
603963.SH,*ST大药,20221220,-14.640522875817
603963.SH,*ST大药,20221219,-14.640522875817
603963.SH,*ST大药,20221218,-14.640522875817
603963.SH,*ST大药,20221217,-14.640522875817
603963.SH,*ST大药,20221216,-14.640522875817
603963.SH,*ST大药,20221215,-14.640522875817
603963.SH,*ST大药,20221214,-14.640522875817
603963.SH,*ST大药,20221213,-14.640522875817
603963.SH,*ST大药,20221212,-14.640522875817
603963.SH,*ST大药,20221211,-14.640522875817
603963.SH,*ST大药,20221210,-14.640522875817
603963.SH,*ST大药,20221209,-14.640522875817
603963.SH,*ST大药,20221208,-14.640522875817
603963.SH,*ST大药,20221207,-14.640522875817
603963.SH,*ST大药,20221206,-14.640522875817
603963.SH,*ST大药,20221205,-14.640522875817
603963.SH,*ST大药,20221204,-14.640522875817
603963.SH,*ST大药,20221203,-14.640522875817
603963.SH,*ST大药,20221202,-14.640522875817
603963.SH,*ST大药,20221201,-14.640522875817
603963.SH,*ST大药,20221130,2.6845637583893
603963.SH,*ST大药,20221129,2.6845637583893
603963.SH,*ST大药,20221128,2.6845637583893
603963.SH,*ST大药,20221127,2.6845637583893
603963.SH,*ST大药,20221126,2.6845637583893
603963.SH,*ST大药,20221125,2.6845637583893
603963.SH,*ST大药,20221124,2.6845637583893
603963.SH,*ST大药,20221123,2.6845637583893
603963.SH,*ST大药,20221122,2.6845637583893
603963.SH,*ST大药,20221121,2.6845637583893
603963.SH,*ST大药,20221120,2.6845637583893
603963.SH,*ST大药,20221119,2.6845637583893
603963.SH,*ST大药,20221118,2.6845637583893
603963.SH,*ST大药,20221117,2.6845637583893
603963.SH,*ST大药,20221116,2.6845637583893
603963.SH,*ST大药,20221115,2.6845637583893
603963.SH,*ST大药,20221114,2.6845637583893
603963.SH,*ST大药,20221113,2.6845637583893
603963.SH,*ST大药,20221112,2.6845637583893
603963.SH,*ST大药,20221111,2.6845637583893
603963.SH,*ST大药,20221110,2.6845637583893
603963.SH,*ST大药,20221109,2.6845637583893
603963.SH,*ST大药,20221108,2.6845637583893
603963.SH,*ST大药,20221107,2.6845637583893
603963.SH,*ST大药,20221106,2.6845637583893
603963.SH,*ST大药,20221105,2.6845637583893
603963.SH,*ST大药,20221104,2.6845637583893
603963.SH,*ST大药,20221103,2.6845637583893
603963.SH,*ST大药,20221102,2.6845637583893
603963.SH,*ST大药,20221101,2.6845637583893
603963.SH,*ST大药,20221031,14.791987673344
603963.SH,*ST大药,20221030,14.791987673344
603963.SH,*ST大药,20221029,14.791987673344
603963.SH,*ST大药,20221028,14.791987673344
603963.SH,*ST大药,20221027,14.791987673344
603963.SH,*ST大药,20221026,14.791987673344
603963.SH,*ST大药,20221025,14.791987673344
603963.SH,*ST大药,20221024,14.791987673344
603963.SH,*ST大药,20221023,14.791987673344
603963.SH,*ST大药,20221022,14.791987673344
603963.SH,*ST大药,20221021,14.791987673344
603963.SH,*ST大药,20221020,14.791987673344
603963.SH,*ST大药,20221019,14.791987673344
603963.SH,*ST大药,20221018,14.791987673344
603963.SH,*ST大药,20221017,14.791987673344
603963.SH,*ST大药,20221016,14.791987673344
603963.SH,*ST大药,20221015,14.791987673344
603963.SH,*ST大药,20221014,14.791987673344
603963.SH,*ST大药,20221013,14.791987673344
603963.SH,*ST大药,20221012,14.791987673344
603963.SH,*ST大药,20221011,14.791987673344
603963.SH,*ST大药,20221010,14.791987673344
603963.SH,*ST大药,20221009,14.791987673344
603963.SH,*ST大药,20221008,14.791987673344
603963.SH,*ST大药,20221007,14.791987673344
603963.SH,*ST大药,20221006,14.791987673344
603963.SH,*ST大药,20221005,14.791987673344
603963.SH,*ST大药,20221004,14.791987673344
603963.SH,*ST大药,20221003,14.791987673344
603963.SH,*ST大药,20221002,14.791987673344
603963.SH,*ST大药,20221001,14.791987673344
603963.SH,*ST大药,20220930,-10.667584308328
603963.SH,*ST大药,20220929,-10.667584308328
603963.SH,*ST大药,20220928,-10.667584308328
603963.SH,*ST大药,20220927,-10.667584308328
603963.SH,*ST大药,20220926,-10.667584308328
603963.SH,*ST大药,20220925,-10.667584308328
603963.SH,*ST大药,20220924,-10.667584308328
603963.SH,*ST大药,20220923,-10.667584308328
603963.SH,*ST大药,20220922,-10.667584308328
603963.SH,*ST大药,20220921,-10.667584308328
603963.SH,*ST大药,20220920,-10.667584308328
603963.SH,*ST大药,20220919,-10.667584308328
603963.SH,*ST大药,20220918,-10.667584308328
603963.SH,*ST大药,20220917,-10.667584308328
603963.SH,*ST大药,20220916,-10.667584308328
603963.SH,*ST大药,20220915,-10.667584308328
603963.SH,*ST大药,20220914,-10.667584308328
603963.SH,*ST大药,20220913,-10.667584308328
603963.SH,*ST大药,20220912,-10.667584308328
603963.SH,*ST大药,20220911,-10.667584308328
603963.SH,*ST大药,20220910,-10.667584308328
603963.SH,*ST大药,20220909,-10.667584308328
603963.SH,*ST大药,20220908,-10.667584308328
603963.SH,*ST大药,20220907,-10.667584308328
603963.SH,*ST大药,20220906,-10.667584308328
603963.SH,*ST大药,20220905,-10.667584308328
603963.SH,*ST大药,20220904,-10.667584308328
603963.SH,*ST大药,20220903,-10.667584308328
603963.SH,*ST大药,20220902,-10.667584308328
603963.SH,*ST大药,20220901,-10.667584308328
603963.SH,*ST大药,20220831,-8.4436042848141
603963.SH,*ST大药,20220830,-8.4436042848141
603963.SH,*ST大药,20220829,-8.4436042848141
603963.SH,*ST大药,20220828,-8.4436042848141
603963.SH,*ST大药,20220827,-8.4436042848141
603963.SH,*ST大药,20220826,-8.4436042848141
603963.SH,*ST大药,20220825,-8.4436042848141
603963.SH,*ST大药,20220824,-8.4436042848141
603963.SH,*ST大药,20220823,-8.4436042848141
603963.SH,*ST大药,20220822,-8.4436042848141
603963.SH,*ST大药,20220821,-8.4436042848141
603963.SH,*ST大药,20220820,-8.4436042848141
603963.SH,*ST大药,20220819,-8.4436042848141
603963.SH,*ST大药,20220818,-8.4436042848141
603963.SH,*ST大药,20220817,-8.4436042848141
603963.SH,*ST大药,20220816,-8.4436042848141
603963.SH,*ST大药,20220815,-8.4436042848141
603963.SH,*ST大药,20220814,-8.4436042848141
603963.SH,*ST大药,20220813,-8.4436042848141
603963.SH,*ST大药,20220812,-8.4436042848141
603963.SH,*ST大药,20220811,-8.4436042848141
603963.SH,*ST大药,20220810,-8.4436042848141
603963.SH,*ST大药,20220809,-8.4436042848141
603963.SH,*ST大药,20220808,-8.4436042848141
603963.SH,*ST大药,20220807,-8.4436042848141
603963.SH,*ST大药,20220806,-8.4436042848141
603963.SH,*ST大药,20220805,-8.4436042848141
603963.SH,*ST大药,20220804,-8.4436042848141
603963.SH,*ST大药,20220803,-8.4436042848141
603963.SH,*ST大药,20220802,-8.4436042848141
603963.SH,*ST大药,20220801,-8.4436042848141
603963.SH,*ST大药,20220731,-1.6119032858029
603963.SH,*ST大药,20220730,-1.6119032858029
603963.SH,*ST大药,20220729,-1.6119032858029
603963.SH,*ST大药,20220728,-1.6119032858029
603963.SH,*ST大药,20220727,-1.6119032858029
603963.SH,*ST大药,20220726,-1.6119032858029
603963.SH,*ST大药,20220725,-1.6119032858029
603963.SH,*ST大药,20220724,-1.6119032858029
603963.SH,*ST大药,20220723,-1.6119032858029
603963.SH,*ST大药,20220722,-1.6119032858029
603963.SH,*ST大药,20220721,-1.6119032858029
603963.SH,*ST大药,20220720,-1.6119032858029
603963.SH,*ST大药,20220719,-1.6119032858029
603963.SH,*ST大药,20220718,-1.6119032858029
603963.SH,*ST大药,20220717,-1.6119032858029
603963.SH,*ST大药,20220716,-1.6119032858029
603963.SH,*ST大药,20220715,-1.6119032858029
603963.SH,*ST大药,20220714,-1.6119032858029
603963.SH,*ST大药,20220713,-1.6119032858029
603963.SH,*ST大药,20220712,-1.6119032858029
603963.SH,*ST大药,20220711,-1.6119032858029
603963.SH,*ST大药,20220710,-1.6119032858029
603963.SH,*ST大药,20220709,-1.6119032858029
603963.SH,*ST大药,20220708,-1.6119032858029
603963.SH,*ST大药,20220707,-1.6119032858029
603963.SH,*ST大药,20220706,-1.6119032858029
603963.SH,*ST大药,20220705,-1.6119032858029
603963.SH,*ST大药,20220704,-1.6119032858029
603963.SH,*ST大药,20220703,-1.6119032858029
603963.SH,*ST大药,20220702,-1.6119032858029
603963.SH,*ST大药,20220701,-1.6119032858029
603963.SH,*ST大药,20220630,28.117553613979
603963.SH,*ST大药,20220629,28.117553613979
603963.SH,*ST大药,20220628,28.117553613979
603963.SH,*ST大药,20220627,28.117553613979
603963.SH,*ST大药,20220626,28.117553613979
603963.SH,*ST大药,20220625,28.117553613979
603963.SH,*ST大药,20220624,28.117553613979
603963.SH,*ST大药,20220623,28.117553613979
603963.SH,*ST大药,20220622,28.117553613979
603963.SH,*ST大药,20220621,28.117553613979
603963.SH,*ST大药,20220620,28.117553613979
603963.SH,*ST大药,20220619,28.117553613979
603963.SH,*ST大药,20220618,28.117553613979
603963.SH,*ST大药,20220617,28.117553613979
603963.SH,*ST大药,20220616,28.117553613979
603963.SH,*ST大药,20220615,28.117553613979
603963.SH,*ST大药,20220614,28.117553613979
603963.SH,*ST大药,20220613,28.117553613979
603963.SH,*ST大药,20220612,28.117553613979
603963.SH,*ST大药,20220611,28.117553613979
603963.SH,*ST大药,20220610,28.117553613979
603963.SH,*ST大药,20220609,28.117553613979
603963.SH,*ST大药,20220608,28.117553613979
603963.SH,*ST大药,20220607,28.117553613979
603963.SH,*ST大药,20220606,28.117553613979
603963.SH,*ST大药,20220605,28.117553613979
603963.SH,*ST大药,20220604,28.117553613979
603963.SH,*ST大药,20220603,28.117553613979
603963.SH,*ST大药,20220602,28.117553613979
603963.SH,*ST大药,20220601,28.117553613979
603963.SH,*ST大药,20220531,26.40562248996
603963.SH,*ST大药,20220530,26.40562248996
603963.SH,*ST大药,20220529,26.40562248996
603963.SH,*ST大药,20220528,26.40562248996
603963.SH,*ST大药,20220527,26.40562248996
603963.SH,*ST大药,20220526,26.40562248996
603963.SH,*ST大药,20220525,26.40562248996
603963.SH,*ST大药,20220524,26.40562248996
603963.SH,*ST大药,20220523,26.40562248996
603963.SH,*ST大药,20220522,26.40562248996
603963.SH,*ST大药,20220521,26.40562248996
603963.SH,*ST大药,20220520,26.40562248996
603963.SH,*ST大药,20220519,26.40562248996
603963.SH,*ST大药,20220518,26.40562248996
603963.SH,*ST大药,20220517,26.40562248996
603963.SH,*ST大药,20220516,26.40562248996
603963.SH,*ST大药,20220515,26.40562248996
603963.SH,*ST大药,20220514,26.40562248996
603963.SH,*ST大药,20220513,26.40562248996
603963.SH,*ST大药,20220512,26.40562248996
603963.SH,*ST大药,20220511,26.40562248996
603963.SH,*ST大药,20220510,26.40562248996
603963.SH,*ST大药,20220509,26.40562248996
603963.SH,*ST大药,20220508,26.40562248996
603963.SH,*ST大药,20220507,26.40562248996
603963.SH,*ST大药,20220506,26.40562248996
603963.SH,*ST大药,20220505,26.40562248996
603963.SH,*ST大药,20220504,26.40562248996
603963.SH,*ST大药,20220503,26.40562248996
603963.SH,*ST大药,20220502,26.40562248996
603963.SH,*ST大药,20220501,26.40562248996
603963.SH,*ST大药,20220430,-2.0648967551622
603963.SH,*ST大药,20220429,-2.0648967551622
603963.SH,*ST大药,20220428,-2.0648967551622
603963.SH,*ST大药,20220427,-2.0648967551622
603963.SH,*ST大药,20220426,-2.0648967551622
603963.SH,*ST大药,20220425,-2.0648967551622
603963.SH,*ST大药,20220424,-2.0648967551622
603963.SH,*ST大药,20220423,-2.0648967551622
603963.SH,*ST大药,20220422,-2.0648967551622
603963.SH,*ST大药,20220421,-2.0648967551622
603963.SH,*ST大药,20220420,-2.0648967551622
603963.SH,*ST大药,20220419,-2.0648967551622
603963.SH,*ST大药,20220418,-2.0648967551622
603963.SH,*ST大药,20220417,-2.0648967551622
603963.SH,*ST大药,20220416,-2.0648967551622
603963.SH,*ST大药,20220415,-2.0648967551622
603963.SH,*ST大药,20220414,-2.0648967551622
603963.SH,*ST大药,20220413,-2.0648967551622
603963.SH,*ST大药,20220412,-2.0648967551622
603963.SH,*ST大药,20220411,-2.0648967551622
603963.SH,*ST大药,20220410,-2.0648967551622
603963.SH,*ST大药,20220409,-2.0648967551622
603963.SH,*ST大药,20220408,-2.0648967551622
603963.SH,*ST大药,20220407,-2.0648967551622
603963.SH,*ST大药,20220406,-2.0648967551622
603963.SH,*ST大药,20220405,-2.0648967551622
603963.SH,*ST大药,20220404,-2.0648967551622
603963.SH,*ST大药,20220403,-2.0648967551622
603963.SH,*ST大药,20220402,-2.0648967551622
603963.SH,*ST大药,20220401,-2.0648967551622
603963.SH,*ST大药,20220331,35.96256684492
603963.SH,*ST大药,20220330,35.96256684492
603963.SH,*ST大药,20220329,35.96256684492
603963.SH,*ST大药,20220328,35.96256684492
603963.SH,*ST大药,20220327,35.96256684492
603963.SH,*ST大药,20220326,35.96256684492
603963.SH,*ST大药,20220325,35.96256684492
603963.SH,*ST大药,20220324,35.96256684492
603963.SH,*ST大药,20220323,35.96256684492
603963.SH,*ST大药,20220322,35.96256684492
603963.SH,*ST大药,20220321,35.96256684492
603963.SH,*ST大药,20220320,35.96256684492
603963.SH,*ST大药,20220319,35.96256684492
603963.SH,*ST大药,20220318,35.96256684492
603963.SH,*ST大药,20220317,35.96256684492
603963.SH,*ST大药,20220316,35.96256684492
603963.SH,*ST大药,20220315,35.96256684492
603963.SH,*ST大药,20220314,35.96256684492
603963.SH,*ST大药,20220313,35.96256684492
603963.SH,*ST大药,20220312,35.96256684492
603963.SH,*ST大药,20220311,35.96256684492
603963.SH,*ST大药,20220310,35.96256684492
603963.SH,*ST大药,20220309,35.96256684492
603963.SH,*ST大药,20220308,35.96256684492
603963.SH,*ST大药,20220307,35.96256684492
603963.SH,*ST大药,20220306,35.96256684492
603963.SH,*ST大药,20220305,35.96256684492
603963.SH,*ST大药,20220304,35.96256684492
603963.SH,*ST大药,20220303,35.96256684492
603963.SH,*ST大药,20220302,35.96256684492
603963.SH,*ST大药,20220301,35.96256684492
603963.SH,*ST大药,20220228,0.53763440860215
603963.SH,*ST大药,20220227,0.53763440860215
603963.SH,*ST大药,20220226,0.53763440860215
603963.SH,*ST大药,20220225,0.53763440860215
603963.SH,*ST大药,20220224,0.53763440860215
603963.SH,*ST大药,20220223,0.53763440860215
603963.SH,*ST大药,20220222,0.53763440860215
603963.SH,*ST大药,20220221,0.53763440860215
603963.SH,*ST大药,20220220,0.53763440860215
603963.SH,*ST大药,20220219,0.53763440860215
603963.SH,*ST大药,20220218,0.53763440860215
603963.SH,*ST大药,20220217,0.53763440860215
603963.SH,*ST大药,20220216,0.53763440860215
603963.SH,*ST大药,20220215,0.53763440860215
603963.SH,*ST大药,20220214,0.53763440860215
603963.SH,*ST大药,20220213,0.53763440860215
603963.SH,*ST大药,20220212,0.53763440860215
603963.SH,*ST大药,20220211,0.53763440860215
603963.SH,*ST大药,20220210,0.53763440860215
603963.SH,*ST大药,20220209,0.53763440860215
603963.SH,*ST大药,20220208,0.53763440860215
603963.SH,*ST大药,20220207,0.53763440860215
603963.SH,*ST大药,20220206,0.53763440860215
603963.SH,*ST大药,20220205,0.53763440860215
603963.SH,*ST大药,20220204,0.53763440860215
603963.SH,*ST大药,20220203,0.53763440860215
603963.SH,*ST大药,20220202,0.53763440860215
603963.SH,*ST大药,20220201,0.53763440860215
603963.SH,*ST大药,20220131,-15.837104072398
603963.SH,*ST大药,20220130,-15.837104072398
603963.SH,*ST大药,20220129,-15.837104072398
603963.SH,*ST大药,20220128,-15.837104072398
603963.SH,*ST大药,20220127,-15.837104072398
603963.SH,*ST大药,20220126,-15.837104072398
603963.SH,*ST大药,20220125,-15.837104072398
603963.SH,*ST大药,20220124,-15.837104072398
603963.SH,*ST大药,20220123,-15.837104072398
603963.SH,*ST大药,20220122,-15.837104072398
603963.SH,*ST大药,20220121,-15.837104072398
603963.SH,*ST大药,20220120,-15.837104072398
603963.SH,*ST大药,20220119,-15.837104072398
603963.SH,*ST大药,20220118,-15.837104072398
603963.SH,*ST大药,20220117,-15.837104072398
603963.SH,*ST大药,20220116,-15.837104072398
603963.SH,*ST大药,20220115,-15.837104072398
603963.SH,*ST大药,20220114,-15.837104072398
603963.SH,*ST大药,20220113,-15.837104072398
603963.SH,*ST大药,20220112,-15.837104072398
603963.SH,*ST大药,20220111,-15.837104072398
603963.SH,*ST大药,20220110,-15.837104072398
603963.SH,*ST大药,20220109,-15.837104072398
603963.SH,*ST大药,20220108,-15.837104072398
603963.SH,*ST大药,20220107,-15.837104072398
603963.SH,*ST大药,20220106,-15.837104072398
603963.SH,*ST大药,20220105,-15.837104072398
603963.SH,*ST大药,20220104,-15.837104072398
603963.SH,*ST大药,20220103,-15.837104072398
603963.SH,*ST大药,20220102,-15.837104072398
603963.SH,*ST大药,20220101,-15.837104072398
603963.SH,*ST大药,20211231,24.331926863572
603963.SH,*ST大药,20211230,24.331926863572
603963.SH,*ST大药,20211229,24.331926863572
603963.SH,*ST大药,20211228,24.331926863572
603963.SH,*ST大药,20211227,24.331926863572
603963.SH,*ST大药,20211226,24.331926863572
603963.SH,*ST大药,20211225,24.331926863572
603963.SH,*ST大药,20211224,24.331926863572
603963.SH,*ST大药,20211223,24.331926863572
603963.SH,*ST大药,20211222,24.331926863572
603963.SH,*ST大药,20211221,24.331926863572
603963.SH,*ST大药,20211220,24.331926863572
603963.SH,*ST大药,20211219,24.331926863572
603963.SH,*ST大药,20211218,24.331926863572
603963.SH,*ST大药,20211217,24.331926863572
603963.SH,*ST大药,20211216,24.331926863572
603963.SH,*ST大药,20211215,24.331926863572
603963.SH,*ST大药,20211214,24.331926863572
603963.SH,*ST大药,20211213,24.331926863572
603963.SH,*ST大药,20211212,24.331926863572
603963.SH,*ST大药,20211211,24.331926863572
603963.SH,*ST大药,20211210,24.331926863572
603963.SH,*ST大药,20211209,24.331926863572
603963.SH,*ST大药,20211208,24.331926863572
603963.SH,*ST大药,20211207,24.331926863572
603963.SH,*ST大药,20211206,24.331926863572
603963.SH,*ST大药,20211205,24.331926863572
603963.SH,*ST大药,20211204,24.331926863572
603963.SH,*ST大药,20211203,24.331926863572
603963.SH,*ST大药,20211202,24.331926863572
603963.SH,*ST大药,20211201,24.331926863572
603963.SH,*ST大药,20211130,5.3333333333333
603963.SH,*ST大药,20211129,5.3333333333333
603963.SH,*ST大药,20211128,5.3333333333333
603963.SH,*ST大药,20211127,5.3333333333333
603963.SH,*ST大药,20211126,5.3333333333333
603963.SH,*ST大药,20211125,5.3333333333333
603963.SH,*ST大药,20211124,5.3333333333333
603963.SH,*ST大药,20211123,5.3333333333333
603963.SH,*ST大药,20211122,5.3333333333333
603963.SH,*ST大药,20211121,5.3333333333333
603963.SH,*ST大药,20211120,5.3333333333333
603963.SH,*ST大药,20211119,5.3333333333333
603963.SH,*ST大药,20211118,5.3333333333333
603963.SH,*ST大药,20211117,5.3333333333333
603963.SH,*ST大药,20211116,5.3333333333333
603963.SH,*ST大药,20211115,5.3333333333333
603963.SH,*ST大药,20211114,5.3333333333333
603963.SH,*ST大药,20211113,5.3333333333333
603963.SH,*ST大药,20211112,5.3333333333333
603963.SH,*ST大药,20211111,5.3333333333333
603963.SH,*ST大药,20211110,5.3333333333333
603963.SH,*ST大药,20211109,5.3333333333333
603963.SH,*ST大药,20211108,5.3333333333333
603963.SH,*ST大药,20211107,5.3333333333333
603963.SH,*ST大药,20211106,5.3333333333333
603963.SH,*ST大药,20211105,5.3333333333333
603963.SH,*ST大药,20211104,5.3333333333333
603963.SH,*ST大药,20211103,5.3333333333333
603963.SH,*ST大药,20211102,5.3333333333333
603963.SH,*ST大药,20211101,5.3333333333333
603963.SH,*ST大药,20211031,-7.1526822558459
603963.SH,*ST大药,20211030,-7.1526822558459
603963.SH,*ST大药,20211029,-7.1526822558459
603963.SH,*ST大药,20211028,-7.1526822558459
603963.SH,*ST大药,20211027,-7.1526822558459
603963.SH,*ST大药,20211026,-7.1526822558459
603963.SH,*ST大药,20211025,-7.1526822558459
603963.SH,*ST大药,20211024,-7.1526822558459
603963.SH,*ST大药,20211023,-7.1526822558459
603963.SH,*ST大药,20211022,-7.1526822558459
603963.SH,*ST大药,20211021,-7.1526822558459
603963.SH,*ST大药,20211020,-7.1526822558459
603963.SH,*ST大药,20211019,-7.1526822558459
603963.SH,*ST大药,20211018,-7.1526822558459
603963.SH,*ST大药,20211017,-7.1526822558459
603963.SH,*ST大药,20211016,-7.1526822558459
603963.SH,*ST大药,20211015,-7.1526822558459
603963.SH,*ST大药,20211014,-7.1526822558459
603963.SH,*ST大药,20211013,-7.1526822558459
603963.SH,*ST大药,20211012,-7.1526822558459
603963.SH,*ST大药,20211011,-7.1526822558459
603963.SH,*ST大药,20211010,-7.1526822558459
603963.SH,*ST大药,20211009,-7.1526822558459
603963.SH,*ST大药,20211008,-7.1526822558459
603963.SH,*ST大药,20211007,-7.1526822558459
603963.SH,*ST大药,20211006,-7.1526822558459
603963.SH,*ST大药,20211005,-7.1526822558459
603963.SH,*ST大药,20211004,-7.1526822558459
603963.SH,*ST大药,20211003,-7.1526822558459
603963.SH,*ST大药,20211002,-7.1526822558459
603963.SH,*ST大药,20211001,-7.1526822558459
603963.SH,*ST大药,20210930,2.3943661971831
603963.SH,*ST大药,20210929,2.3943661971831
603963.SH,*ST大药,20210928,2.3943661971831
603963.SH,*ST大药,20210927,2.3943661971831
603963.SH,*ST大药,20210926,2.3943661971831
603963.SH,*ST大药,20210925,2.3943661971831
603963.SH,*ST大药,20210924,2.3943661971831
603963.SH,*ST大药,20210923,2.3943661971831
603963.SH,*ST大药,20210922,2.3943661971831
603963.SH,*ST大药,20210921,2.3943661971831
603963.SH,*ST大药,20210920,2.3943661971831
603963.SH,*ST大药,20210919,2.3943661971831
603963.SH,*ST大药,20210918,2.3943661971831
603963.SH,*ST大药,20210917,2.3943661971831
603963.SH,*ST大药,20210916,2.3943661971831
603963.SH,*ST大药,20210915,2.3943661971831
603963.SH,*ST大药,20210914,2.3943661971831
603963.SH,*ST大药,20210913,2.3943661971831
603963.SH,*ST大药,20210912,2.3943661971831
603963.SH,*ST大药,20210911,2.3943661971831
603963.SH,*ST大药,20210910,2.3943661971831
603963.SH,*ST大药,20210909,2.3943661971831
603963.SH,*ST大药,20210908,2.3943661971831
603963.SH,*ST大药,20210907,2.3943661971831
603963.SH,*ST大药,20210906,2.3943661971831
603963.SH,*ST大药,20210905,2.3943661971831
603963.SH,*ST大药,20210904,2.3943661971831
603963.SH,*ST大药,20210903,2.3943661971831
603963.SH,*ST大药,20210902,2.3943661971831
603963.SH,*ST大药,20210901,2.3943661971831
603963.SH,*ST大药,20210831,0.28248587570621
603963.SH,*ST大药,20210830,0.28248587570621
603963.SH,*ST大药,20210829,0.28248587570621
603963.SH,*ST大药,20210828,0.28248587570621
603963.SH,*ST大药,20210827,0.28248587570621
603963.SH,*ST大药,20210826,0.28248587570621
603963.SH,*ST大药,20210825,0.28248587570621
603963.SH,*ST大药,20210824,0.28248587570621
603963.SH,*ST大药,20210823,0.28248587570621
603963.SH,*ST大药,20210822,0.28248587570621
603963.SH,*ST大药,20210821,0.28248587570621
603963.SH,*ST大药,20210820,0.28248587570621
603963.SH,*ST大药,20210819,0.28248587570621
603963.SH,*ST大药,20210818,0.28248587570621
603963.SH,*ST大药,20210817,0.28248587570621
603963.SH,*ST大药,20210816,0.28248587570621
603963.SH,*ST大药,20210815,0.28248587570621
603963.SH,*ST大药,20210814,0.28248587570621
603963.SH,*ST大药,20210813,0.28248587570621
603963.SH,*ST大药,20210812,0.28248587570621
603963.SH,*ST大药,20210811,0.28248587570621
603963.SH,*ST大药,20210810,0.28248587570621
603963.SH,*ST大药,20210809,0.28248587570621
603963.SH,*ST大药,20210808,0.28248587570621
603963.SH,*ST大药,20210807,0.28248587570621
603963.SH,*ST大药,20210806,0.28248587570621
603963.SH,*ST大药,20210805,0.28248587570621
603963.SH,*ST大药,20210804,0.28248587570621
603963.SH,*ST大药,20210803,0.28248587570621
603963.SH,*ST大药,20210802,0.28248587570621
603963.SH,*ST大药,20210801,0.28248587570621
603963.SH,*ST大药,20210731,-9.8089171974522
603963.SH,*ST大药,20210730,-9.8089171974522
603963.SH,*ST大药,20210729,-9.8089171974522
603963.SH,*ST大药,20210728,-9.8089171974522
603963.SH,*ST大药,20210727,-9.8089171974522
603963.SH,*ST大药,20210726,-9.8089171974522
603963.SH,*ST大药,20210725,-9.8089171974522
603963.SH,*ST大药,20210724,-9.8089171974522
603963.SH,*ST大药,20210723,-9.8089171974522
603963.SH,*ST大药,20210722,-9.8089171974522
603963.SH,*ST大药,20210721,-9.8089171974522
603963.SH,*ST大药,20210720,-9.8089171974522
603963.SH,*ST大药,20210719,-9.8089171974522
603963.SH,*ST大药,20210718,-9.8089171974522
603963.SH,*ST大药,20210717,-9.8089171974522
603963.SH,*ST大药,20210716,-9.8089171974522
603963.SH,*ST大药,20210715,-9.8089171974522
603963.SH,*ST大药,20210714,-9.8089171974522
603963.SH,*ST大药,20210713,-9.8089171974522
603963.SH,*ST大药,20210712,-9.8089171974522
603963.SH,*ST大药,20210711,-9.8089171974522
603963.SH,*ST大药,20210710,-9.8089171974522
603963.SH,*ST大药,20210709,-9.8089171974522
603963.SH,*ST大药,20210708,-9.8089171974522
603963.SH,*ST大药,20210707,-9.8089171974522
603963.SH,*ST大药,20210706,-9.8089171974522
603963.SH,*ST大药,20210705,-9.8089171974522
603963.SH,*ST大药,20210704,-9.8089171974522
603963.SH,*ST大药,20210703,-9.8089171974522
603963.SH,*ST大药,20210702,-9.8089171974522
603963.SH,*ST大药,20210701,-9.8089171974522
603963.SH,*ST大药,20210630,-9.0382387022016
603963.SH,*ST大药,20210629,-9.0382387022016
603963.SH,*ST大药,20210628,-9.0382387022016
603963.SH,*ST大药,20210627,-9.0382387022016
603963.SH,*ST大药,20210626,-9.0382387022016
603963.SH,*ST大药,20210625,-9.0382387022016
603963.SH,*ST大药,20210624,-9.0382387022016
603963.SH,*ST大药,20210623,-9.0382387022016
603963.SH,*ST大药,20210622,-9.0382387022016
603963.SH,*ST大药,20210621,-9.0382387022016
603963.SH,*ST大药,20210620,-9.0382387022016
603963.SH,*ST大药,20210619,-9.0382387022016
603963.SH,*ST大药,20210618,-9.0382387022016
603963.SH,*ST大药,20210617,-9.0382387022016
603963.SH,*ST大药,20210616,-9.0382387022016
603963.SH,*ST大药,20210615,-9.0382387022016
603963.SH,*ST大药,20210614,-9.0382387022016
603963.SH,*ST大药,20210613,-9.0382387022016
603963.SH,*ST大药,20210612,-9.0382387022016
603963.SH,*ST大药,20210611,-9.0382387022016
603963.SH,*ST大药,20210610,-9.0382387022016
603963.SH,*ST大药,20210609,-9.0382387022016
603963.SH,*ST大药,20210608,-9.0382387022016
603963.SH,*ST大药,20210607,-9.0382387022016
603963.SH,*ST大药,20210606,-9.0382387022016
603963.SH,*ST大药,20210605,-9.0382387022016
603963.SH,*ST大药,20210604,-9.0382387022016
603963.SH,*ST大药,20210603,-9.0382387022016
603963.SH,*ST大药,20210602,-9.0382387022016
603963.SH,*ST大药,20210601,-9.0382387022016
603963.SH,*ST大药,20210531,13.552631578947
603963.SH,*ST大药,20210530,13.552631578947
603963.SH,*ST大药,20210529,13.552631578947
603963.SH,*ST大药,20210528,13.552631578947
603963.SH,*ST大药,20210527,13.552631578947
603963.SH,*ST大药,20210526,13.552631578947
603963.SH,*ST大药,20210525,13.552631578947
603963.SH,*ST大药,20210524,13.552631578947
603963.SH,*ST大药,20210523,13.552631578947
603963.SH,*ST大药,20210522,13.552631578947
603963.SH,*ST大药,20210521,13.552631578947
603963.SH,*ST大药,20210520,13.552631578947
603963.SH,*ST大药,20210519,13.552631578947
603963.SH,*ST大药,20210518,13.552631578947
603963.SH,*ST大药,20210517,13.552631578947
603963.SH,*ST大药,20210516,13.552631578947
603963.SH,*ST大药,20210515,13.552631578947
603963.SH,*ST大药,20210514,13.552631578947
603963.SH,*ST大药,20210513,13.552631578947
603963.SH,*ST大药,20210512,13.552631578947
603963.SH,*ST大药,20210511,13.552631578947
603963.SH,*ST大药,20210510,13.552631578947
603963.SH,*ST大药,20210509,13.552631578947
603963.SH,*ST大药,20210508,13.552631578947
603963.SH,*ST大药,20210507,13.552631578947
603963.SH,*ST大药,20210506,13.552631578947
603963.SH,*ST大药,20210505,13.552631578947
603963.SH,*ST大药,20210504,13.552631578947
603963.SH,*ST大药,20210503,13.552631578947
603963.SH,*ST大药,20210502,13.552631578947
603963.SH,*ST大药,20210501,13.552631578947
603963.SH,*ST大药,20210430,1.7402945113788
603963.SH,*ST大药,20210429,1.7402945113788
603963.SH,*ST大药,20210428,1.7402945113788
603963.SH,*ST大药,20210427,1.7402945113788
603963.SH,*ST大药,20210426,1.7402945113788
603963.SH,*ST大药,20210425,1.7402945113788
603963.SH,*ST大药,20210424,1.7402945113788
603963.SH,*ST大药,20210423,1.7402945113788
603963.SH,*ST大药,20210422,1.7402945113788
603963.SH,*ST大药,20210421,1.7402945113788
603963.SH,*ST大药,20210420,1.7402945113788
603963.SH,*ST大药,20210419,1.7402945113788
603963.SH,*ST大药,20210418,1.7402945113788
603963.SH,*ST大药,20210417,1.7402945113788
603963.SH,*ST大药,20210416,1.7402945113788
603963.SH,*ST大药,20210415,1.7402945113788
603963.SH,*ST大药,20210414,1.7402945113788
603963.SH,*ST大药,20210413,1.7402945113788
603963.SH,*ST大药,20210412,1.7402945113788
603963.SH,*ST大药,20210411,1.7402945113788
603963.SH,*ST大药,20210410,1.7402945113788
603963.SH,*ST大药,20210409,1.7402945113788
603963.SH,*ST大药,20210408,1.7402945113788
603963.SH,*ST大药,20210407,1.7402945113788
603963.SH,*ST大药,20210406,1.7402945113788
603963.SH,*ST大药,20210405,1.7402945113788
603963.SH,*ST大药,20210404,1.7402945113788
603963.SH,*ST大药,20210403,1.7402945113788
603963.SH,*ST大药,20210402,1.7402945113788
603963.SH,*ST大药,20210401,1.7402945113788
603963.SH,*ST大药,20210331,2.6098901098901
603963.SH,*ST大药,20210330,2.6098901098901
603963.SH,*ST大药,20210329,2.6098901098901
603963.SH,*ST大药,20210328,2.6098901098901
603963.SH,*ST大药,20210327,2.6098901098901
603963.SH,*ST大药,20210326,2.6098901098901
603963.SH,*ST大药,20210325,2.6098901098901
603963.SH,*ST大药,20210324,2.6098901098901
603963.SH,*ST大药,20210323,2.6098901098901
603963.SH,*ST大药,20210322,2.6098901098901
603963.SH,*ST大药,20210321,2.6098901098901
603963.SH,*ST大药,20210320,2.6098901098901
603963.SH,*ST大药,20210319,2.6098901098901
603963.SH,*ST大药,20210318,2.6098901098901
603963.SH,*ST大药,20210317,2.6098901098901
603963.SH,*ST大药,20210316,2.6098901098901
603963.SH,*ST大药,20210315,2.6098901098901
603963.SH,*ST大药,20210314,2.6098901098901
603963.SH,*ST大药,20210313,2.6098901098901
603963.SH,*ST大药,20210312,2.6098901098901
603963.SH,*ST大药,20210311,2.6098901098901
603963.SH,*ST大药,20210310,2.6098901098901
603963.SH,*ST大药,20210309,2.6098901098901
603963.SH,*ST大药,20210308,2.6098901098901
603963.SH,*ST大药,20210307,2.6098901098901
603963.SH,*ST大药,20210306,2.6098901098901
603963.SH,*ST大药,20210305,2.6098901098901
603963.SH,*ST大药,20210304,2.6098901098901
603963.SH,*ST大药,20210303,2.6098901098901
603963.SH,*ST大药,20210302,2.6098901098901
603963.SH,*ST大药,20210301,2.6098901098901
603963.SH,*ST大药,20210228,-5.2083333333333
603963.SH,*ST大药,20210227,-5.2083333333333
603963.SH,*ST大药,20210226,-5.2083333333333
603963.SH,*ST大药,20210225,-5.2083333333333
603963.SH,*ST大药,20210224,-5.2083333333333
603963.SH,*ST大药,20210223,-5.2083333333333
603963.SH,*ST大药,20210222,-5.2083333333333
603963.SH,*ST大药,20210221,-5.2083333333333
603963.SH,*ST大药,20210220,-5.2083333333333
603963.SH,*ST大药,20210219,-5.2083333333333
603963.SH,*ST大药,20210218,-5.2083333333333
603963.SH,*ST大药,20210217,-5.2083333333333
603963.SH,*ST大药,20210216,-5.2083333333333
603963.SH,*ST大药,20210215,-5.2083333333333
603963.SH,*ST大药,20210214,-5.2083333333333
603963.SH,*ST大药,20210213,-5.2083333333333
603963.SH,*ST大药,20210212,-5.2083333333333
603963.SH,*ST大药,20210211,-5.2083333333333
603963.SH,*ST大药,20210210,-5.2083333333333
603963.SH,*ST大药,20210209,-5.2083333333333
603963.SH,*ST大药,20210208,-5.2083333333333
603963.SH,*ST大药,20210207,-5.2083333333333
603963.SH,*ST大药,20210206,-5.2083333333333
603963.SH,*ST大药,20210205,-5.2083333333333
603963.SH,*ST大药,20210204,-5.2083333333333
603963.SH,*ST大药,20210203,-5.2083333333333
603963.SH,*ST大药,20210202,-5.2083333333333
603963.SH,*ST大药,20210201,-5.2083333333333
603963.SH,*ST大药,20210131,-1.5384615384615
603963.SH,*ST大药,20210130,-1.5384615384615
603963.SH,*ST大药,20210129,-1.5384615384615
603963.SH,*ST大药,20210128,-1.5384615384615
603963.SH,*ST大药,20210127,-1.5384615384615
603963.SH,*ST大药,20210126,-1.5384615384615
603963.SH,*ST大药,20210125,-1.5384615384615
603963.SH,*ST大药,20210124,-1.5384615384615
603963.SH,*ST大药,20210123,-1.5384615384615
603963.SH,*ST大药,20210122,-1.5384615384615
603963.SH,*ST大药,20210121,-1.5384615384615
603963.SH,*ST大药,20210120,-1.5384615384615
603963.SH,*ST大药,20210119,-1.5384615384615
603963.SH,*ST大药,20210118,-1.5384615384615
603963.SH,*ST大药,20210117,-1.5384615384615
603963.SH,*ST大药,20210116,-1.5384615384615
603963.SH,*ST大药,20210115,-1.5384615384615
603963.SH,*ST大药,20210114,-1.5384615384615
603963.SH,*ST大药,20210113,-1.5384615384615
603963.SH,*ST大药,20210112,-1.5384615384615
603963.SH,*ST大药,20210111,-1.5384615384615
603963.SH,*ST大药,20210110,-1.5384615384615
603963.SH,*ST大药,20210109,-1.5384615384615
603963.SH,*ST大药,20210108,-1.5384615384615
603963.SH,*ST大药,20210107,-1.5384615384615
603963.SH,*ST大药,20210106,-1.5384615384615
603963.SH,*ST大药,20210105,-1.5384615384615
603963.SH,*ST大药,20210104,-1.5384615384615
603963.SH,*ST大药,20210103,-1.5384615384615
603963.SH,*ST大药,20210102,-1.5384615384615
603963.SH,*ST大药,20210101,-1.5384615384615
603963.SH,*ST大药,20201231,-8.4507042253521
603963.SH,*ST大药,20201230,-8.4507042253521
603963.SH,*ST大药,20201229,-8.4507042253521
603963.SH,*ST大药,20201228,-8.4507042253521
603963.SH,*ST大药,20201227,-8.4507042253521
603963.SH,*ST大药,20201226,-8.4507042253521
603963.SH,*ST大药,20201225,-8.4507042253521
603963.SH,*ST大药,20201224,-8.4507042253521
603963.SH,*ST大药,20201223,-8.4507042253521
603963.SH,*ST大药,20201222,-8.4507042253521
603963.SH,*ST大药,20201221,-8.4507042253521
603963.SH,*ST大药,20201220,-8.4507042253521
603963.SH,*ST大药,20201219,-8.4507042253521
603963.SH,*ST大药,20201218,-8.4507042253521
603963.SH,*ST大药,20201217,-8.4507042253521
603963.SH,*ST大药,20201216,-8.4507042253521
603963.SH,*ST大药,20201215,-8.4507042253521
603963.SH,*ST大药,20201214,-8.4507042253521
603963.SH,*ST大药,20201213,-8.4507042253521
603963.SH,*ST大药,20201212,-8.4507042253521
603963.SH,*ST大药,20201211,-8.4507042253521
603963.SH,*ST大药,20201210,-8.4507042253521
603963.SH,*ST大药,20201209,-8.4507042253521
603963.SH,*ST大药,20201208,-8.4507042253521
603963.SH,*ST大药,20201207,-8.4507042253521
603963.SH,*ST大药,20201206,-8.4507042253521
603963.SH,*ST大药,20201205,-8.4507042253521
603963.SH,*ST大药,20201204,-8.4507042253521
603963.SH,*ST大药,20201203,-8.4507042253521
603963.SH,*ST大药,20201202,-8.4507042253521
603963.SH,*ST大药,20201201,-8.4507042253521
603963.SH,*ST大药,20201130,3.9024390243902
603963.SH,*ST大药,20201129,3.9024390243902
603963.SH,*ST大药,20201128,3.9024390243902
603963.SH,*ST大药,20201127,3.9024390243902
603963.SH,*ST大药,20201126,3.9024390243902
603963.SH,*ST大药,20201125,3.9024390243902
603963.SH,*ST大药,20201124,3.9024390243902
603963.SH,*ST大药,20201123,3.9024390243902
603963.SH,*ST大药,20201122,3.9024390243902
603963.SH,*ST大药,20201121,3.9024390243902
603963.SH,*ST大药,20201120,3.9024390243902
603963.SH,*ST大药,20201119,3.9024390243902
603963.SH,*ST大药,20201118,3.9024390243902
603963.SH,*ST大药,20201117,3.9024390243902
603963.SH,*ST大药,20201116,3.9024390243902
603963.SH,*ST大药,20201115,3.9024390243902
603963.SH,*ST大药,20201114,3.9024390243902
603963.SH,*ST大药,20201113,3.9024390243902
603963.SH,*ST大药,20201112,3.9024390243902
603963.SH,*ST大药,20201111,3.9024390243902
603963.SH,*ST大药,20201110,3.9024390243902
603963.SH,*ST大药,20201109,3.9024390243902
603963.SH,*ST大药,20201108,3.9024390243902
603963.SH,*ST大药,20201107,3.9024390243902
603963.SH,*ST大药,20201106,3.9024390243902
603963.SH,*ST大药,20201105,3.9024390243902
603963.SH,*ST大药,20201104,3.9024390243902
603963.SH,*ST大药,20201103,3.9024390243902
603963.SH,*ST大药,20201102,3.9024390243902
603963.SH,*ST大药,20201101,3.9024390243902
603963.SH,*ST大药,20201031,-0.24330900243311
603963.SH,*ST大药,20201030,-0.24330900243311
603963.SH,*ST大药,20201029,-0.24330900243311
603963.SH,*ST大药,20201028,-0.24330900243311
603963.SH,*ST大药,20201027,-0.24330900243311
603963.SH,*ST大药,20201026,-0.24330900243311
603963.SH,*ST大药,20201025,-0.24330900243311
603963.SH,*ST大药,20201024,-0.24330900243311
603963.SH,*ST大药,20201023,-0.24330900243311
603963.SH,*ST大药,20201022,-0.24330900243311
603963.SH,*ST大药,20201021,-0.24330900243311
603963.SH,*ST大药,20201020,-0.24330900243311
603963.SH,*ST大药,20201019,-0.24330900243311
603963.SH,*ST大药,20201018,-0.24330900243311
603963.SH,*ST大药,20201017,-0.24330900243311
603963.SH,*ST大药,20201016,-0.24330900243311
603963.SH,*ST大药,20201015,-0.24330900243311
603963.SH,*ST大药,20201014,-0.24330900243311
603963.SH,*ST大药,20201013,-0.24330900243311
603963.SH,*ST大药,20201012,-0.24330900243311
603963.SH,*ST大药,20201011,-0.24330900243311
603963.SH,*ST大药,20201010,-0.24330900243311
603963.SH,*ST大药,20201009,-0.24330900243311
603963.SH,*ST大药,20201008,-0.24330900243311
603963.SH,*ST大药,20201007,-0.24330900243311
603963.SH,*ST大药,20201006,-0.24330900243311
603963.SH,*ST大药,20201005,-0.24330900243311
603963.SH,*ST大药,20201004,-0.24330900243311
603963.SH,*ST大药,20201003,-0.24330900243311
603963.SH,*ST大药,20201002,-0.24330900243311
603963.SH,*ST大药,20201001,-0.24330900243311
603963.SH,*ST大药,20200930,-9.5709570957096
603963.SH,*ST大药,20200929,-9.5709570957096
603963.SH,*ST大药,20200928,-9.5709570957096
603963.SH,*ST大药,20200927,-9.5709570957096
603963.SH,*ST大药,20200926,-9.5709570957096
603963.SH,*ST大药,20200925,-9.5709570957096
603963.SH,*ST大药,20200924,-9.5709570957096
603963.SH,*ST大药,20200923,-9.5709570957096
603963.SH,*ST大药,20200922,-9.5709570957096
603963.SH,*ST大药,20200921,-9.5709570957096
603963.SH,*ST大药,20200920,-9.5709570957096
603963.SH,*ST大药,20200919,-9.5709570957096
603963.SH,*ST大药,20200918,-9.5709570957096
603963.SH,*ST大药,20200917,-9.5709570957096
603963.SH,*ST大药,20200916,-9.5709570957096
603963.SH,*ST大药,20200915,-9.5709570957096
603963.SH,*ST大药,20200914,-9.5709570957096
603963.SH,*ST大药,20200913,-9.5709570957096
603963.SH,*ST大药,20200912,-9.5709570957096
603963.SH,*ST大药,20200911,-9.5709570957096
603963.SH,*ST大药,20200910,-9.5709570957096
603963.SH,*ST大药,20200909,-9.5709570957096
603963.SH,*ST大药,20200908,-9.5709570957096
603963.SH,*ST大药,20200907,-9.5709570957096
603963.SH,*ST大药,20200906,-9.5709570957096
603963.SH,*ST大药,20200905,-9.5709570957096
603963.SH,*ST大药,20200904,-9.5709570957096
603963.SH,*ST大药,20200903,-9.5709570957096
603963.SH,*ST大药,20200902,-9.5709570957096
603963.SH,*ST大药,20200901,-9.5709570957096
603963.SH,*ST大药,20200831,-5.9006211180124
603963.SH,*ST大药,20200830,-5.9006211180124
603963.SH,*ST大药,20200829,-5.9006211180124
603963.SH,*ST大药,20200828,-5.9006211180124
603963.SH,*ST大药,20200827,-5.9006211180124
603963.SH,*ST大药,20200826,-5.9006211180124
603963.SH,*ST大药,20200825,-5.9006211180124
603963.SH,*ST大药,20200824,-5.9006211180124
603963.SH,*ST大药,20200823,-5.9006211180124
603963.SH,*ST大药,20200822,-5.9006211180124
603963.SH,*ST大药,20200821,-5.9006211180124
603963.SH,*ST大药,20200820,-5.9006211180124
603963.SH,*ST大药,20200819,-5.9006211180124
603963.SH,*ST大药,20200818,-5.9006211180124
603963.SH,*ST大药,20200817,-5.9006211180124
603963.SH,*ST大药,20200816,-5.9006211180124
603963.SH,*ST大药,20200815,-5.9006211180124
603963.SH,*ST大药,20200814,-5.9006211180124
603963.SH,*ST大药,20200813,-5.9006211180124
603963.SH,*ST大药,20200812,-5.9006211180124
603963.SH,*ST大药,20200811,-5.9006211180124
603963.SH,*ST大药,20200810,-5.9006211180124
603963.SH,*ST大药,20200809,-5.9006211180124
603963.SH,*ST大药,20200808,-5.9006211180124
603963.SH,*ST大药,20200807,-5.9006211180124
603963.SH,*ST大药,20200806,-5.9006211180124
603963.SH,*ST大药,20200805,-5.9006211180124
603963.SH,*ST大药,20200804,-5.9006211180124
603963.SH,*ST大药,20200803,-5.9006211180124
603963.SH,*ST大药,20200802,-5.9006211180124
603963.SH,*ST大药,20200801,-5.9006211180124
603963.SH,*ST大药,20200731,14.454976303318
603963.SH,*ST大药,20200730,14.454976303318
603963.SH,*ST大药,20200729,14.454976303318
603963.SH,*ST大药,20200728,14.454976303318
603963.SH,*ST大药,20200727,14.454976303318
603963.SH,*ST大药,20200726,14.454976303318
603963.SH,*ST大药,20200725,14.454976303318
603963.SH,*ST大药,20200724,14.454976303318
603963.SH,*ST大药,20200723,14.454976303318
603963.SH,*ST大药,20200722,14.454976303318
603963.SH,*ST大药,20200721,14.454976303318
603963.SH,*ST大药,20200720,14.454976303318
603963.SH,*ST大药,20200719,14.454976303318
603963.SH,*ST大药,20200718,14.454976303318
603963.SH,*ST大药,20200717,14.454976303318
603963.SH,*ST大药,20200716,14.454976303318
603963.SH,*ST大药,20200715,14.454976303318
603963.SH,*ST大药,20200714,14.454976303318
603963.SH,*ST大药,20200713,14.454976303318
603963.SH,*ST大药,20200712,14.454976303318
603963.SH,*ST大药,20200711,14.454976303318
603963.SH,*ST大药,20200710,14.454976303318
603963.SH,*ST大药,20200709,14.454976303318
603963.SH,*ST大药,20200708,14.454976303318
603963.SH,*ST大药,20200707,14.454976303318
603963.SH,*ST大药,20200706,14.454976303318
603963.SH,*ST大药,20200705,14.454976303318
603963.SH,*ST大药,20200704,14.454976303318
603963.SH,*ST大药,20200703,14.454976303318
603963.SH,*ST大药,20200702,14.454976303318
603963.SH,*ST大药,20200701,14.454976303318
603963.SH,*ST大药,20200630,-20.302171860246
603963.SH,*ST大药,20200629,-20.302171860246
603963.SH,*ST大药,20200628,-20.302171860246
603963.SH,*ST大药,20200627,-20.302171860246
603963.SH,*ST大药,20200626,-20.302171860246
603963.SH,*ST大药,20200625,-20.302171860246
603963.SH,*ST大药,20200624,-20.302171860246
603963.SH,*ST大药,20200623,-20.302171860246
603963.SH,*ST大药,20200622,-20.302171860246
603963.SH,*ST大药,20200621,-20.302171860246
603963.SH,*ST大药,20200620,-20.302171860246
603963.SH,*ST大药,20200619,-20.302171860246
603963.SH,*ST大药,20200618,-20.302171860246
603963.SH,*ST大药,20200617,-20.302171860246
603963.SH,*ST大药,20200616,-20.302171860246
603963.SH,*ST大药,20200615,-20.302171860246
603963.SH,*ST大药,20200614,-20.302171860246
603963.SH,*ST大药,20200613,-20.302171860246
603963.SH,*ST大药,20200612,-20.302171860246
603963.SH,*ST大药,20200611,-20.302171860246
603963.SH,*ST大药,20200610,-20.302171860246
603963.SH,*ST大药,20200609,-20.302171860246
603963.SH,*ST大药,20200608,-20.302171860246
603963.SH,*ST大药,20200607,-20.302171860246
603963.SH,*ST大药,20200606,-20.302171860246
603963.SH,*ST大药,20200605,-20.302171860246
603963.SH,*ST大药,20200604,-20.302171860246
603963.SH,*ST大药,20200603,-20.302171860246
603963.SH,*ST大药,20200602,-20.302171860246
603963.SH,*ST大药,20200601,-20.302171860246
603963.SH,*ST大药,20200531,-0.094339622641507
603963.SH,*ST大药,20200530,-0.094339622641507
603963.SH,*ST大药,20200529,-0.094339622641507
603963.SH,*ST大药,20200528,-0.094339622641507
603963.SH,*ST大药,20200527,-0.094339622641507
603963.SH,*ST大药,20200526,-0.094339622641507
603963.SH,*ST大药,20200525,-0.094339622641507
603963.SH,*ST大药,20200524,-0.094339622641507
603963.SH,*ST大药,20200523,-0.094339622641507
603963.SH,*ST大药,20200522,-0.094339622641507
603963.SH,*ST大药,20200521,-0.094339622641507
603963.SH,*ST大药,20200520,-0.094339622641507
603963.SH,*ST大药,20200519,-0.094339622641507
603963.SH,*ST大药,20200518,-0.094339622641507
603963.SH,*ST大药,20200517,-0.094339622641507
603963.SH,*ST大药,20200516,-0.094339622641507
603963.SH,*ST大药,20200515,-0.094339622641507
603963.SH,*ST大药,20200514,-0.094339622641507
603963.SH,*ST大药,20200513,-0.094339622641507
603963.SH,*ST大药,20200512,-0.094339622641507
603963.SH,*ST大药,20200511,-0.094339622641507
603963.SH,*ST大药,20200510,-0.094339622641507
603963.SH,*ST大药,20200509,-0.094339622641507
603963.SH,*ST大药,20200508,-0.094339622641507
603963.SH,*ST大药,20200507,-0.094339622641507
603963.SH,*ST大药,20200506,-0.094339622641507
603963.SH,*ST大药,20200505,-0.094339622641507
603963.SH,*ST大药,20200504,-0.094339622641507
603963.SH,*ST大药,20200503,-0.094339622641507
603963.SH,*ST大药,20200502,-0.094339622641507
603963.SH,*ST大药,20200501,-0.094339622641507
603963.SH,*ST大药,20200430,2.1194605009634
603963.SH,*ST大药,20200429,2.1194605009634
603963.SH,*ST大药,20200428,2.1194605009634
603963.SH,*ST大药,20200427,2.1194605009634
603963.SH,*ST大药,20200426,2.1194605009634
603963.SH,*ST大药,20200425,2.1194605009634
603963.SH,*ST大药,20200424,2.1194605009634
603963.SH,*ST大药,20200423,2.1194605009634
603963.SH,*ST大药,20200422,2.1194605009634
603963.SH,*ST大药,20200421,2.1194605009634
603963.SH,*ST大药,20200420,2.1194605009634
603963.SH,*ST大药,20200419,2.1194605009634
603963.SH,*ST大药,20200418,2.1194605009634
603963.SH,*ST大药,20200417,2.1194605009634
603963.SH,*ST大药,20200416,2.1194605009634
603963.SH,*ST大药,20200415,2.1194605009634
603963.SH,*ST大药,20200414,2.1194605009634
603963.SH,*ST大药,20200413,2.1194605009634
603963.SH,*ST大药,20200412,2.1194605009634
603963.SH,*ST大药,20200411,2.1194605009634
603963.SH,*ST大药,20200410,2.1194605009634
603963.SH,*ST大药,20200409,2.1194605009634
603963.SH,*ST大药,20200408,2.1194605009634
603963.SH,*ST大药,20200407,2.1194605009634
603963.SH,*ST大药,20200406,2.1194605009634
603963.SH,*ST大药,20200405,2.1194605009634
603963.SH,*ST大药,20200404,2.1194605009634
603963.SH,*ST大药,20200403,2.1194605009634
603963.SH,*ST大药,20200402,2.1194605009634
603963.SH,*ST大药,20200401,2.1194605009634
603963.SH,*ST大药,20200331,-4.6831955922865
603963.SH,*ST大药,20200330,-4.6831955922865
603963.SH,*ST大药,20200329,-4.6831955922865
603963.SH,*ST大药,20200328,-4.6831955922865
603963.SH,*ST大药,20200327,-4.6831955922865
603963.SH,*ST大药,20200326,-4.6831955922865
603963.SH,*ST大药,20200325,-4.6831955922865
603963.SH,*ST大药,20200324,-4.6831955922865
603963.SH,*ST大药,20200323,-4.6831955922865
603963.SH,*ST大药,20200322,-4.6831955922865
603963.SH,*ST大药,20200321,-4.6831955922865
603963.SH,*ST大药,20200320,-4.6831955922865
603963.SH,*ST大药,20200319,-4.6831955922865
603963.SH,*ST大药,20200318,-4.6831955922865
603963.SH,*ST大药,20200317,-4.6831955922865
603963.SH,*ST大药,20200316,-4.6831955922865
603963.SH,*ST大药,20200315,-4.6831955922865
603963.SH,*ST大药,20200314,-4.6831955922865
603963.SH,*ST大药,20200313,-4.6831955922865
603963.SH,*ST大药,20200312,-4.6831955922865
603963.SH,*ST大药,20200311,-4.6831955922865
603963.SH,*ST大药,20200310,-4.6831955922865
603963.SH,*ST大药,20200309,-4.6831955922865
603963.SH,*ST大药,20200308,-4.6831955922865
603963.SH,*ST大药,20200307,-4.6831955922865
603963.SH,*ST大药,20200306,-4.6831955922865
603963.SH,*ST大药,20200305,-4.6831955922865
603963.SH,*ST大药,20200304,-4.6831955922865
603963.SH,*ST大药,20200303,-4.6831955922865
603963.SH,*ST大药,20200302,-4.6831955922865
603963.SH,*ST大药,20200301,-4.6831955922865
603963.SH,*ST大药,20200229,-6.9230769230769
603963.SH,*ST大药,20200228,-6.9230769230769
603963.SH,*ST大药,20200227,-6.9230769230769
603963.SH,*ST大药,20200226,-6.9230769230769
603963.SH,*ST大药,20200225,-6.9230769230769
603963.SH,*ST大药,20200224,-6.9230769230769
603963.SH,*ST大药,20200223,-6.9230769230769
603963.SH,*ST大药,20200222,-6.9230769230769
603963.SH,*ST大药,20200221,-6.9230769230769
603963.SH,*ST大药,20200220,-6.9230769230769
603963.SH,*ST大药,20200219,-6.9230769230769
603963.SH,*ST大药,20200218,-6.9230769230769
603963.SH,*ST大药,20200217,-6.9230769230769
603963.SH,*ST大药,20200216,-6.9230769230769
603963.SH,*ST大药,20200215,-6.9230769230769
603963.SH,*ST大药,20200214,-6.9230769230769
603963.SH,*ST大药,20200213,-6.9230769230769
603963.SH,*ST大药,20200212,-6.9230769230769
603963.SH,*ST大药,20200211,-6.9230769230769
603963.SH,*ST大药,20200210,-6.9230769230769
603963.SH,*ST大药,20200209,-6.9230769230769
603963.SH,*ST大药,20200208,-6.9230769230769
603963.SH,*ST大药,20200207,-6.9230769230769
603963.SH,*ST大药,20200206,-6.9230769230769
603963.SH,*ST大药,20200205,-6.9230769230769
603963.SH,*ST大药,20200204,-6.9230769230769
603963.SH,*ST大药,20200203,-6.9230769230769
603963.SH,*ST大药,20200202,-6.9230769230769
603963.SH,*ST大药,20200201,-6.9230769230769
603963.SH,*ST大药,20200131,3.5398230088495
603963.SH,*ST大药,20200130,3.5398230088495
603963.SH,*ST大药,20200129,3.5398230088495
603963.SH,*ST大药,20200128,3.5398230088495
603963.SH,*ST大药,20200127,3.5398230088495
603963.SH,*ST大药,20200126,3.5398230088495
603963.SH,*ST大药,20200125,3.5398230088495
603963.SH,*ST大药,20200124,3.5398230088495
603963.SH,*ST大药,20200123,3.5398230088495
603963.SH,*ST大药,20200122,3.5398230088495
603963.SH,*ST大药,20200121,3.5398230088495
603963.SH,*ST大药,20200120,3.5398230088495
603963.SH,*ST大药,20200119,3.5398230088495
603963.SH,*ST大药,20200118,3.5398230088495
603963.SH,*ST大药,20200117,3.5398230088495
603963.SH,*ST大药,20200116,3.5398230088495
603963.SH,*ST大药,20200115,3.5398230088495
603963.SH,*ST大药,20200114,3.5398230088495
603963.SH,*ST大药,20200113,3.5398230088495
603963.SH,*ST大药,20200112,3.5398230088495
603963.SH,*ST大药,20200111,3.5398230088495
603963.SH,*ST大药,20200110,3.5398230088495
603963.SH,*ST大药,20200109,3.5398230088495
603963.SH,*ST大药,20200108,3.5398230088495
603963.SH,*ST大药,20200107,3.5398230088495
603963.SH,*ST大药,20200106,3.5398230088495
603963.SH,*ST大药,20200105,3.5398230088495
603963.SH,*ST大药,20200104,3.5398230088495
603963.SH,*ST大药,20200103,3.5398230088495
603963.SH,*ST大药,20200102,3.5398230088495
603963.SH,*ST大药,20200101,3.5398230088495
603963.SH,*ST大药,20191231,3.6697247706422
603963.SH,*ST大药,20191230,3.6697247706422
603963.SH,*ST大药,20191229,3.6697247706422
603963.SH,*ST大药,20191228,3.6697247706422
603963.SH,*ST大药,20191227,3.6697247706422
603963.SH,*ST大药,20191226,3.6697247706422
603963.SH,*ST大药,20191225,3.6697247706422
603963.SH,*ST大药,20191224,3.6697247706422
603963.SH,*ST大药,20191223,3.6697247706422
603963.SH,*ST大药,20191222,3.6697247706422
603963.SH,*ST大药,20191221,3.6697247706422
603963.SH,*ST大药,20191220,3.6697247706422
603963.SH,*ST大药,20191219,3.6697247706422
603963.SH,*ST大药,20191218,3.6697247706422
603963.SH,*ST大药,20191217,3.6697247706422
603963.SH,*ST大药,20191216,3.6697247706422
603963.SH,*ST大药,20191215,3.6697247706422
603963.SH,*ST大药,20191214,3.6697247706422
603963.SH,*ST大药,20191213,3.6697247706422
603963.SH,*ST大药,20191212,3.6697247706422
603963.SH,*ST大药,20191211,3.6697247706422
603963.SH,*ST大药,20191210,3.6697247706422
603963.SH,*ST大药,20191209,3.6697247706422
603963.SH,*ST大药,20191208,3.6697247706422
603963.SH,*ST大药,20191207,3.6697247706422
603963.SH,*ST大药,20191206,3.6697247706422
603963.SH,*ST大药,20191205,3.6697247706422
603963.SH,*ST大药,20191204,3.6697247706422
603963.SH,*ST大药,20191203,3.6697247706422
603963.SH,*ST大药,20191202,3.6697247706422
603963.SH,*ST大药,20191201,3.6697247706422
603963.SH,*ST大药,20191130,-6.9965870307167
603963.SH,*ST大药,20191129,-6.9965870307167
603963.SH,*ST大药,20191128,-6.9965870307167
603963.SH,*ST大药,20191127,-6.9965870307167
603963.SH,*ST大药,20191126,-6.9965870307167
603963.SH,*ST大药,20191125,-6.9965870307167
603963.SH,*ST大药,20191124,-6.9965870307167
603963.SH,*ST大药,20191123,-6.9965870307167
603963.SH,*ST大药,20191122,-6.9965870307167
603963.SH,*ST大药,20191121,-6.9965870307167
603963.SH,*ST大药,20191120,-6.9965870307167
603963.SH,*ST大药,20191119,-6.9965870307167
603963.SH,*ST大药,20191118,-6.9965870307167
603963.SH,*ST大药,20191117,-6.9965870307167
603963.SH,*ST大药,20191116,-6.9965870307167
603963.SH,*ST大药,20191115,-6.9965870307167
603963.SH,*ST大药,20191114,-6.9965870307167
603963.SH,*ST大药,20191113,-6.9965870307167
603963.SH,*ST大药,20191112,-6.9965870307167
603963.SH,*ST大药,20191111,-6.9965870307167
603963.SH,*ST大药,20191110,-6.9965870307167
603963.SH,*ST大药,20191109,-6.9965870307167
603963.SH,*ST大药,20191108,-6.9965870307167
603963.SH,*ST大药,20191107,-6.9965870307167
603963.SH,*ST大药,20191106,-6.9965870307167
603963.SH,*ST大药,20191105,-6.9965870307167
603963.SH,*ST大药,20191104,-6.9965870307167
603963.SH,*ST大药,20191103,-6.9965870307167
603963.SH,*ST大药,20191102,-6.9965870307167
603963.SH,*ST大药,20191101,-6.9965870307167
603963.SH,*ST大药,20191031,-2.4146544546211
603963.SH,*ST大药,20191030,-2.4146544546211
603963.SH,*ST大药,20191029,-2.4146544546211
603963.SH,*ST大药,20191028,-2.4146544546211
603963.SH,*ST大药,20191027,-2.4146544546211
603963.SH,*ST大药,20191026,-2.4146544546211
603963.SH,*ST大药,20191025,-2.4146544546211
603963.SH,*ST大药,20191024,-2.4146544546211
603963.SH,*ST大药,20191023,-2.4146544546211
603963.SH,*ST大药,20191022,-2.4146544546211
603963.SH,*ST大药,20191021,-2.4146544546211
603963.SH,*ST大药,20191020,-2.4146544546211
603963.SH,*ST大药,20191019,-2.4146544546211
603963.SH,*ST大药,20191018,-2.4146544546211
603963.SH,*ST大药,20191017,-2.4146544546211
603963.SH,*ST大药,20191016,-2.4146544546211
603963.SH,*ST大药,20191015,-2.4146544546211
603963.SH,*ST大药,20191014,-2.4146544546211
603963.SH,*ST大药,20191013,-2.4146544546211
603963.SH,*ST大药,20191012,-2.4146544546211
603963.SH,*ST大药,20191011,-2.4146544546211
603963.SH,*ST大药,20191010,-2.4146544546211
603963.SH,*ST大药,20191009,-2.4146544546211
603963.SH,*ST大药,20191008,-2.4146544546211
603963.SH,*ST大药,20191007,-2.4146544546211
603963.SH,*ST大药,20191006,-2.4146544546211
603963.SH,*ST大药,20191005,-2.4146544546211
603963.SH,*ST大药,20191004,-2.4146544546211
603963.SH,*ST大药,20191003,-2.4146544546211
603963.SH,*ST大药,20191002,-2.4146544546211
603963.SH,*ST大药,20191001,-2.4146544546211
603963.SH,*ST大药,20190930,-2.9102667744543
603963.SH,*ST大药,20190929,-2.9102667744543
603963.SH,*ST大药,20190928,-2.9102667744543
603963.SH,*ST大药,20190927,-2.9102667744543
603963.SH,*ST大药,20190926,-2.9102667744543
603963.SH,*ST大药,20190925,-2.9102667744543
603963.SH,*ST大药,20190924,-2.9102667744543
603963.SH,*ST大药,20190923,-2.9102667744543
603963.SH,*ST大药,20190922,-2.9102667744543
603963.SH,*ST大药,20190921,-2.9102667744543
603963.SH,*ST大药,20190920,-2.9102667744543
603963.SH,*ST大药,20190919,-2.9102667744543
603963.SH,*ST大药,20190918,-2.9102667744543
603963.SH,*ST大药,20190917,-2.9102667744543
603963.SH,*ST大药,20190916,-2.9102667744543
603963.SH,*ST大药,20190915,-2.9102667744543
603963.SH,*ST大药,20190914,-2.9102667744543
603963.SH,*ST大药,20190913,-2.9102667744543
603963.SH,*ST大药,20190912,-2.9102667744543
603963.SH,*ST大药,20190911,-2.9102667744543
603963.SH,*ST大药,20190910,-2.9102667744543
603963.SH,*ST大药,20190909,-2.9102667744543
603963.SH,*ST大药,20190908,-2.9102667744543
603963.SH,*ST大药,20190907,-2.9102667744543
603963.SH,*ST大药,20190906,-2.9102667744543
603963.SH,*ST大药,20190905,-2.9102667744543
603963.SH,*ST大药,20190904,-2.9102667744543
603963.SH,*ST大药,20190903,-2.9102667744543
603963.SH,*ST大药,20190902,-2.9102667744543
603963.SH,*ST大药,20190901,-2.9102667744543
603963.SH,*ST大药,20190831,11.945701357466
603963.SH,*ST大药,20190830,11.945701357466
603963.SH,*ST大药,20190829,11.945701357466
603963.SH,*ST大药,20190828,11.945701357466
603963.SH,*ST大药,20190827,11.945701357466
603963.SH,*ST大药,20190826,11.945701357466
603963.SH,*ST大药,20190825,11.945701357466
603963.SH,*ST大药,20190824,11.945701357466
603963.SH,*ST大药,20190823,11.945701357466
603963.SH,*ST大药,20190822,11.945701357466
603963.SH,*ST大药,20190821,11.945701357466
603963.SH,*ST大药,20190820,11.945701357466
603963.SH,*ST大药,20190819,11.945701357466
603963.SH,*ST大药,20190818,11.945701357466
603963.SH,*ST大药,20190817,11.945701357466
603963.SH,*ST大药,20190816,11.945701357466
603963.SH,*ST大药,20190815,11.945701357466
603963.SH,*ST大药,20190814,11.945701357466
603963.SH,*ST大药,20190813,11.945701357466
603963.SH,*ST大药,20190812,11.945701357466
603963.SH,*ST大药,20190811,11.945701357466
603963.SH,*ST大药,20190810,11.945701357466
603963.SH,*ST大药,20190809,11.945701357466
603963.SH,*ST大药,20190808,11.945701357466
603963.SH,*ST大药,20190807,11.945701357466
603963.SH,*ST大药,20190806,11.945701357466
603963.SH,*ST大药,20190805,11.945701357466
603963.SH,*ST大药,20190804,11.945701357466
603963.SH,*ST大药,20190803,11.945701357466
603963.SH,*ST大药,20190802,11.945701357466
603963.SH,*ST大药,20190801,11.945701357466
603963.SH,*ST大药,20190731,2.5998142989787
603963.SH,*ST大药,20190730,2.5998142989787
603963.SH,*ST大药,20190729,2.5998142989787
603963.SH,*ST大药,20190728,2.5998142989787
603963.SH,*ST大药,20190727,2.5998142989787
603963.SH,*ST大药,20190726,2.5998142989787
603963.SH,*ST大药,20190725,2.5998142989787
603963.SH,*ST大药,20190724,2.5998142989787
603963.SH,*ST大药,20190723,2.5998142989787
603963.SH,*ST大药,20190722,2.5998142989787
603963.SH,*ST大药,20190721,2.5998142989787
603963.SH,*ST大药,20190720,2.5998142989787
603963.SH,*ST大药,20190719,2.5998142989787
603963.SH,*ST大药,20190718,2.5998142989787
603963.SH,*ST大药,20190717,2.5998142989787
603963.SH,*ST大药,20190716,2.5998142989787
603963.SH,*ST大药,20190715,2.5998142989787
603963.SH,*ST大药,20190714,2.5998142989787
603963.SH,*ST大药,20190713,2.5998142989787
603963.SH,*ST大药,20190712,2.5998142989787
603963.SH,*ST大药,20190711,2.5998142989787
603963.SH,*ST大药,20190710,2.5998142989787
603963.SH,*ST大药,20190709,2.5998142989787
603963.SH,*ST大药,20190708,2.5998142989787
603963.SH,*ST大药,20190707,2.5998142989787
603963.SH,*ST大药,20190706,2.5998142989787
603963.SH,*ST大药,20190705,2.5998142989787
603963.SH,*ST大药,20190704,2.5998142989787
603963.SH,*ST大药,20190703,2.5998142989787
603963.SH,*ST大药,20190702,2.5998142989787
603963.SH,*ST大药,20190701,2.5998142989787
603963.SH,*ST大药,20190630,-21.156661786237
603963.SH,*ST大药,20190629,-21.156661786237
603963.SH,*ST大药,20190628,-21.156661786237
603963.SH,*ST大药,20190627,-21.156661786237
603963.SH,*ST大药,20190626,-21.156661786237
603963.SH,*ST大药,20190625,-21.156661786237
603963.SH,*ST大药,20190624,-21.156661786237
603963.SH,*ST大药,20190623,-21.156661786237
603963.SH,*ST大药,20190622,-21.156661786237
603963.SH,*ST大药,20190621,-21.156661786237
603963.SH,*ST大药,20190620,-21.156661786237
603963.SH,*ST大药,20190619,-21.156661786237
603963.SH,*ST大药,20190618,-21.156661786237
603963.SH,*ST大药,20190617,-21.156661786237
603963.SH,*ST大药,20190616,-21.156661786237
603963.SH,*ST大药,20190615,-21.156661786237
603963.SH,*ST大药,20190614,-21.156661786237
603963.SH,*ST大药,20190613,-21.156661786237
603963.SH,*ST大药,20190612,-21.156661786237
603963.SH,*ST大药,20190611,-21.156661786237
603963.SH,*ST大药,20190610,-21.156661786237
603963.SH,*ST大药,20190609,-21.156661786237
603963.SH,*ST大药,20190608,-21.156661786237
603963.SH,*ST大药,20190607,-21.156661786237
603963.SH,*ST大药,20190606,-21.156661786237
603963.SH,*ST大药,20190605,-21.156661786237
603963.SH,*ST大药,20190604,-21.156661786237
603963.SH,*ST大药,20190603,-21.156661786237
603963.SH,*ST大药,20190602,-21.156661786237
603963.SH,*ST大药,20190601,-21.156661786237
603963.SH,*ST大药,20190531,-14.731585518102
603963.SH,*ST大药,20190530,-14.731585518102
603963.SH,*ST大药,20190529,-14.731585518102
603963.SH,*ST大药,20190528,-14.731585518102
603963.SH,*ST大药,20190527,-14.731585518102
603963.SH,*ST大药,20190526,-14.731585518102
603963.SH,*ST大药,20190525,-14.731585518102
603963.SH,*ST大药,20190524,-14.731585518102
603963.SH,*ST大药,20190523,-14.731585518102
603963.SH,*ST大药,20190522,-14.731585518102
603963.SH,*ST大药,20190521,-14.731585518102
603963.SH,*ST大药,20190520,-14.731585518102
603963.SH,*ST大药,20190519,-14.731585518102
603963.SH,*ST大药,20190518,-14.731585518102
603963.SH,*ST大药,20190517,-14.731585518102
603963.SH,*ST大药,20190516,-14.731585518102
603963.SH,*ST大药,20190515,-14.731585518102
603963.SH,*ST大药,20190514,-14.731585518102
603963.SH,*ST大药,20190513,-14.731585518102
603963.SH,*ST大药,20190512,-14.731585518102
603963.SH,*ST大药,20190511,-14.731585518102
603963.SH,*ST大药,20190510,-14.731585518102
603963.SH,*ST大药,20190509,-14.731585518102
603963.SH,*ST大药,20190508,-14.731585518102
603963.SH,*ST大药,20190507,-14.731585518102
603963.SH,*ST大药,20190506,-14.731585518102
603963.SH,*ST大药,20190505,-14.731585518102
603963.SH,*ST大药,20190504,-14.731585518102
603963.SH,*ST大药,20190503,-14.731585518102
603963.SH,*ST大药,20190502,-14.731585518102
603963.SH,*ST大药,20190501,-14.731585518102
603963.SH,*ST大药,20190430,-6.8062827225131
603963.SH,*ST大药,20190429,-6.8062827225131
603963.SH,*ST大药,20190428,-6.8062827225131
603963.SH,*ST大药,20190427,-6.8062827225131
603963.SH,*ST大药,20190426,-6.8062827225131
603963.SH,*ST大药,20190425,-6.8062827225131
603963.SH,*ST大药,20190424,-6.8062827225131
603963.SH,*ST大药,20190423,-6.8062827225131
603963.SH,*ST大药,20190422,-6.8062827225131
603963.SH,*ST大药,20190421,-6.8062827225131
603963.SH,*ST大药,20190420,-6.8062827225131
603963.SH,*ST大药,20190419,-6.8062827225131
603963.SH,*ST大药,20190418,-6.8062827225131
603963.SH,*ST大药,20190417,-6.8062827225131
603963.SH,*ST大药,20190416,-6.8062827225131
603963.SH,*ST大药,20190415,-6.8062827225131
603963.SH,*ST大药,20190414,-6.8062827225131
603963.SH,*ST大药,20190413,-6.8062827225131
603963.SH,*ST大药,20190412,-6.8062827225131
603963.SH,*ST大药,20190411,-6.8062827225131
603963.SH,*ST大药,20190410,-6.8062827225131
603963.SH,*ST大药,20190409,-6.8062827225131
603963.SH,*ST大药,20190408,-6.8062827225131
603963.SH,*ST大药,20190407,-6.8062827225131
603963.SH,*ST大药,20190406,-6.8062827225131
603963.SH,*ST大药,20190405,-6.8062827225131
603963.SH,*ST大药,20190404,-6.8062827225131
603963.SH,*ST大药,20190403,-6.8062827225131
603963.SH,*ST大药,20190402,-6.8062827225131
603963.SH,*ST大药,20190401,-6.8062827225131
603963.SH,*ST大药,20190331,23.225806451613
603963.SH,*ST大药,20190330,23.225806451613
603963.SH,*ST大药,20190329,23.225806451613
603963.SH,*ST大药,20190328,23.225806451613
603963.SH,*ST大药,20190327,23.225806451613
603963.SH,*ST大药,20190326,23.225806451613
603963.SH,*ST大药,20190325,23.225806451613
603963.SH,*ST大药,20190324,23.225806451613
603963.SH,*ST大药,20190323,23.225806451613
603963.SH,*ST大药,20190322,23.225806451613
603963.SH,*ST大药,20190321,23.225806451613
603963.SH,*ST大药,20190320,23.225806451613
603963.SH,*ST大药,20190319,23.225806451613
603963.SH,*ST大药,20190318,23.225806451613
603963.SH,*ST大药,20190317,23.225806451613
603963.SH,*ST大药,20190316,23.225806451613
603963.SH,*ST大药,20190315,23.225806451613
603963.SH,*ST大药,20190314,23.225806451613
603963.SH,*ST大药,20190313,23.225806451613
603963.SH,*ST大药,20190312,23.225806451613
603963.SH,*ST大药,20190311,23.225806451613
603963.SH,*ST大药,20190310,23.225806451613
603963.SH,*ST大药,20190309,23.225806451613
603963.SH,*ST大药,20190308,23.225806451613
603963.SH,*ST大药,20190307,23.225806451613
603963.SH,*ST大药,20190306,23.225806451613
603963.SH,*ST大药,20190305,23.225806451613
603963.SH,*ST大药,20190304,23.225806451613
603963.SH,*ST大药,20190303,23.225806451613
603963.SH,*ST大药,20190302,23.225806451613
603963.SH,*ST大药,20190301,23.225806451613
603963.SH,*ST大药,20190228,36.09756097561
603963.SH,*ST大药,20190227,36.09756097561
603963.SH,*ST大药,20190226,36.09756097561
603963.SH,*ST大药,20190225,36.09756097561
603963.SH,*ST大药,20190224,36.09756097561
603963.SH,*ST大药,20190223,36.09756097561
603963.SH,*ST大药,20190222,36.09756097561
603963.SH,*ST大药,20190221,36.09756097561
603963.SH,*ST大药,20190220,36.09756097561
603963.SH,*ST大药,20190219,36.09756097561
603963.SH,*ST大药,20190218,36.09756097561
603963.SH,*ST大药,20190217,36.09756097561
603963.SH,*ST大药,20190216,36.09756097561
603963.SH,*ST大药,20190215,36.09756097561
603963.SH,*ST大药,20190214,36.09756097561
603963.SH,*ST大药,20190213,36.09756097561
603963.SH,*ST大药,20190212,36.09756097561
603963.SH,*ST大药,20190211,36.09756097561
603963.SH,*ST大药,20190210,36.09756097561
603963.SH,*ST大药,20190209,36.09756097561
603963.SH,*ST大药,20190208,36.09756097561
603963.SH,*ST大药,20190207,36.09756097561
603963.SH,*ST大药,20190206,36.09756097561
603963.SH,*ST大药,20190205,36.09756097561
603963.SH,*ST大药,20190204,36.09756097561
603963.SH,*ST大药,20190203,36.09756097561
603963.SH,*ST大药,20190202,36.09756097561
603963.SH,*ST大药,20190201,36.09756097561
603963.SH,*ST大药,20190131,-12.840136054422
603963.SH,*ST大药,20190130,-12.840136054422
603963.SH,*ST大药,20190129,-12.840136054422
603963.SH,*ST大药,20190128,-12.840136054422
603963.SH,*ST大药,20190127,-12.840136054422
603963.SH,*ST大药,20190126,-12.840136054422
603963.SH,*ST大药,20190125,-12.840136054422
603963.SH,*ST大药,20190124,-12.840136054422
603963.SH,*ST大药,20190123,-12.840136054422
603963.SH,*ST大药,20190122,-12.840136054422
603963.SH,*ST大药,20190121,-12.840136054422
603963.SH,*ST大药,20190120,-12.840136054422
603963.SH,*ST大药,20190119,-12.840136054422
603963.SH,*ST大药,20190118,-12.840136054422
603963.SH,*ST大药,20190117,-12.840136054422
603963.SH,*ST大药,20190116,-12.840136054422
603963.SH,*ST大药,20190115,-12.840136054422
603963.SH,*ST大药,20190114,-12.840136054422
603963.SH,*ST大药,20190113,-12.840136054422
603963.SH,*ST大药,20190112,-12.840136054422
603963.SH,*ST大药,20190111,-12.840136054422
603963.SH,*ST大药,20190110,-12.840136054422
603963.SH,*ST大药,20190109,-12.840136054422
603963.SH,*ST大药,20190108,-12.840136054422
603963.SH,*ST大药,20190107,-12.840136054422
603963.SH,*ST大药,20190106,-12.840136054422
603963.SH,*ST大药,20190105,-12.840136054422
603963.SH,*ST大药,20190104,-12.840136054422
603963.SH,*ST大药,20190103,-12.840136054422
603963.SH,*ST大药,20190102,-12.840136054422
603963.SH,*ST大药,20190101,-12.840136054422
603963.SH,*ST大药,20181231,-7.182320441989
603963.SH,*ST大药,20181230,-7.182320441989
603963.SH,*ST大药,20181229,-7.182320441989
603963.SH,*ST大药,20181228,-7.182320441989
603963.SH,*ST大药,20181227,-7.182320441989
603963.SH,*ST大药,20181226,-7.182320441989
603963.SH,*ST大药,20181225,-7.182320441989
603963.SH,*ST大药,20181224,-7.182320441989
603963.SH,*ST大药,20181223,-7.182320441989
603963.SH,*ST大药,20181222,-7.182320441989
603963.SH,*ST大药,20181221,-7.182320441989
603963.SH,*ST大药,20181220,-7.182320441989
603963.SH,*ST大药,20181219,-7.182320441989
603963.SH,*ST大药,20181218,-7.182320441989
603963.SH,*ST大药,20181217,-7.182320441989
603963.SH,*ST大药,20181216,-7.182320441989
603963.SH,*ST大药,20181215,-7.182320441989
603963.SH,*ST大药,20181214,-7.182320441989
603963.SH,*ST大药,20181213,-7.182320441989
603963.SH,*ST大药,20181212,-7.182320441989
603963.SH,*ST大药,20181211,-7.182320441989
603963.SH,*ST大药,20181210,-7.182320441989
603963.SH,*ST大药,20181209,-7.182320441989
603963.SH,*ST大药,20181208,-7.182320441989
603963.SH,*ST大药,20181207,-7.182320441989
603963.SH,*ST大药,20181206,-7.182320441989
603963.SH,*ST大药,20181205,-7.182320441989
603963.SH,*ST大药,20181204,-7.182320441989
603963.SH,*ST大药,20181203,-7.182320441989
603963.SH,*ST大药,20181202,-7.182320441989
603963.SH,*ST大药,20181201,-7.182320441989
603963.SH,*ST大药,20181130,0.15810276679842
603963.SH,*ST大药,20181129,0.15810276679842
603963.SH,*ST大药,20181128,0.15810276679842
603963.SH,*ST大药,20181127,0.15810276679842
603963.SH,*ST大药,20181126,0.15810276679842
603963.SH,*ST大药,20181125,0.15810276679842
603963.SH,*ST大药,20181124,0.15810276679842
603963.SH,*ST大药,20181123,0.15810276679842
603963.SH,*ST大药,20181122,0.15810276679842
603963.SH,*ST大药,20181121,0.15810276679842
603963.SH,*ST大药,20181120,0.15810276679842
603963.SH,*ST大药,20181119,0.15810276679842
603963.SH,*ST大药,20181118,0.15810276679842
603963.SH,*ST大药,20181117,0.15810276679842
603963.SH,*ST大药,20181116,0.15810276679842
603963.SH,*ST大药,20181115,0.15810276679842
603963.SH,*ST大药,20181114,0.15810276679842
603963.SH,*ST大药,20181113,0.15810276679842
603963.SH,*ST大药,20181112,0.15810276679842
603963.SH,*ST大药,20181111,0.15810276679842
603963.SH,*ST大药,20181110,0.15810276679842
603963.SH,*ST大药,20181109,0.15810276679842
603963.SH,*ST大药,20181108,0.15810276679842
603963.SH,*ST大药,20181107,0.15810276679842
603963.SH,*ST大药,20181106,0.15810276679842
603963.SH,*ST大药,20181105,0.15810276679842
603963.SH,*ST大药,20181104,0.15810276679842
603963.SH,*ST大药,20181103,0.15810276679842
603963.SH,*ST大药,20181102,0.15810276679842
603963.SH,*ST大药,20181101,0.15810276679842
603963.SH,*ST大药,20181031,-15.157612340711
603963.SH,*ST大药,20181030,-15.157612340711
603963.SH,*ST大药,20181029,-15.157612340711
603963.SH,*ST大药,20181028,-15.157612340711
603963.SH,*ST大药,20181027,-15.157612340711
603963.SH,*ST大药,20181026,-15.157612340711
603963.SH,*ST大药,20181025,-15.157612340711
603963.SH,*ST大药,20181024,-15.157612340711
603963.SH,*ST大药,20181023,-15.157612340711
603963.SH,*ST大药,20181022,-15.157612340711
603963.SH,*ST大药,20181021,-15.157612340711
603963.SH,*ST大药,20181020,-15.157612340711
603963.SH,*ST大药,20181019,-15.157612340711
603963.SH,*ST大药,20181018,-15.157612340711
603963.SH,*ST大药,20181017,-15.157612340711
603963.SH,*ST大药,20181016,-15.157612340711
603963.SH,*ST大药,20181015,-15.157612340711
603963.SH,*ST大药,20181014,-15.157612340711
603963.SH,*ST大药,20181013,-15.157612340711
603963.SH,*ST大药,20181012,-15.157612340711
603963.SH,*ST大药,20181011,-15.157612340711
603963.SH,*ST大药,20181010,-15.157612340711
603963.SH,*ST大药,20181009,-15.157612340711
603963.SH,*ST大药,20181008,-15.157612340711
603963.SH,*ST大药,20181007,-15.157612340711
603963.SH,*ST大药,20181006,-15.157612340711
603963.SH,*ST大药,20181005,-15.157612340711
603963.SH,*ST大药,20181004,-15.157612340711
603963.SH,*ST大药,20181003,-15.157612340711
603963.SH,*ST大药,20181002,-15.157612340711
603963.SH,*ST大药,20181001,-15.157612340711
603963.SH,*ST大药,20180930,-13.061224489796
603963.SH,*ST大药,20180929,-13.061224489796
603963.SH,*ST大药,20180928,-13.061224489796
603963.SH,*ST大药,20180927,-13.061224489796
603963.SH,*ST大药,20180926,-13.061224489796
603963.SH,*ST大药,20180925,-13.061224489796
603963.SH,*ST大药,20180924,-13.061224489796
603963.SH,*ST大药,20180923,-13.061224489796
603963.SH,*ST大药,20180922,-13.061224489796
603963.SH,*ST大药,20180921,-13.061224489796
603963.SH,*ST大药,20180920,-13.061224489796
603963.SH,*ST大药,20180919,-13.061224489796
603963.SH,*ST大药,20180918,-13.061224489796
603963.SH,*ST大药,20180917,-13.061224489796
603963.SH,*ST大药,20180916,-13.061224489796
603963.SH,*ST大药,20180915,-13.061224489796
603963.SH,*ST大药,20180914,-13.061224489796
603963.SH,*ST大药,20180913,-13.061224489796
603963.SH,*ST大药,20180912,-13.061224489796
603963.SH,*ST大药,20180911,-13.061224489796
603963.SH,*ST大药,20180910,-13.061224489796
603963.SH,*ST大药,20180909,-13.061224489796
603963.SH,*ST大药,20180908,-13.061224489796
603963.SH,*ST大药,20180907,-13.061224489796
603963.SH,*ST大药,20180906,-13.061224489796
603963.SH,*ST大药,20180905,-13.061224489796
603963.SH,*ST大药,20180904,-13.061224489796
603963.SH,*ST大药,20180903,-13.061224489796
603963.SH,*ST大药,20180902,-13.061224489796
603963.SH,*ST大药,20180901,-13.061224489796
603963.SH,*ST大药,20180831,-17.269657501206
603963.SH,*ST大药,20180830,-17.269657501206
603963.SH,*ST大药,20180829,-17.269657501206
603963.SH,*ST大药,20180828,-17.269657501206
603963.SH,*ST大药,20180827,-17.269657501206
603963.SH,*ST大药,20180826,-17.269657501206
603963.SH,*ST大药,20180825,-17.269657501206
603963.SH,*ST大药,20180824,-17.269657501206
603963.SH,*ST大药,20180823,-17.269657501206
603963.SH,*ST大药,20180822,-17.269657501206
603963.SH,*ST大药,20180821,-17.269657501206
603963.SH,*ST大药,20180820,-17.269657501206
603963.SH,*ST大药,20180819,-17.269657501206
603963.SH,*ST大药,20180818,-17.269657501206
603963.SH,*ST大药,20180817,-17.269657501206
603963.SH,*ST大药,20180816,-17.269657501206
603963.SH,*ST大药,20180815,-17.269657501206
603963.SH,*ST大药,20180814,-17.269657501206
603963.SH,*ST大药,20180813,-17.269657501206
603963.SH,*ST大药,20180812,-17.269657501206
603963.SH,*ST大药,20180811,-17.269657501206
603963.SH,*ST大药,20180810,-17.269657501206
603963.SH,*ST大药,20180809,-17.269657501206
603963.SH,*ST大药,20180808,-17.269657501206
603963.SH,*ST大药,20180807,-17.269657501206
603963.SH,*ST大药,20180806,-17.269657501206
603963.SH,*ST大药,20180805,-17.269657501206
603963.SH,*ST大药,20180804,-17.269657501206
603963.SH,*ST大药,20180803,-17.269657501206
603963.SH,*ST大药,20180802,-17.269657501206
603963.SH,*ST大药,20180801,-17.269657501206
603963.SH,*ST大药,20180731,-25.10838150289
603963.SH,*ST大药,20180730,-25.10838150289
603963.SH,*ST大药,20180729,-25.10838150289
603963.SH,*ST大药,20180728,-25.10838150289
603963.SH,*ST大药,20180727,-25.10838150289
603963.SH,*ST大药,20180726,-25.10838150289
603963.SH,*ST大药,20180725,-25.10838150289
603963.SH,*ST大药,20180724,-25.10838150289
603963.SH,*ST大药,20180723,-25.10838150289
603963.SH,*ST大药,20180722,-25.10838150289
603963.SH,*ST大药,20180721,-25.10838150289
603963.SH,*ST大药,20180720,-25.10838150289
603963.SH,*ST大药,20180719,-25.10838150289
603963.SH,*ST大药,20180718,-25.10838150289
603963.SH,*ST大药,20180717,-25.10838150289
603963.SH,*ST大药,20180716,-25.10838150289
603963.SH,*ST大药,20180715,-25.10838150289
603963.SH,*ST大药,20180714,-25.10838150289
603963.SH,*ST大药,20180713,-25.10838150289
603963.SH,*ST大药,20180712,-25.10838150289
603963.SH,*ST大药,20180711,-25.10838150289
603963.SH,*ST大药,20180710,-25.10838150289
603963.SH,*ST大药,20180709,-25.10838150289
603963.SH,*ST大药,20180708,-25.10838150289
603963.SH,*ST大药,20180707,-25.10838150289
603963.SH,*ST大药,20180706,-25.10838150289
603963.SH,*ST大药,20180705,-25.10838150289
603963.SH,*ST大药,20180704,-25.10838150289
603963.SH,*ST大药,20180703,-25.10838150289
603963.SH,*ST大药,20180702,-25.10838150289
603963.SH,*ST大药,20180701,-25.10838150289
603963.SH,*ST大药,20180630,-8.8574250905499
603963.SH,*ST大药,20180629,-8.8574250905499
603963.SH,*ST大药,20180628,-8.8574250905499
603963.SH,*ST大药,20180627,-8.8574250905499
603963.SH,*ST大药,20180626,-8.8574250905499
603963.SH,*ST大药,20180625,-8.8574250905499
603963.SH,*ST大药,20180624,-8.8574250905499
603963.SH,*ST大药,20180623,-8.8574250905499
603963.SH,*ST大药,20180622,-8.8574250905499
603963.SH,*ST大药,20180621,-8.8574250905499
603963.SH,*ST大药,20180620,-8.8574250905499
603963.SH,*ST大药,20180619,-8.8574250905499
603963.SH,*ST大药,20180618,-8.8574250905499
603963.SH,*ST大药,20180617,-8.8574250905499
603963.SH,*ST大药,20180616,-8.8574250905499
603963.SH,*ST大药,20180615,-8.8574250905499
603963.SH,*ST大药,20180614,-8.8574250905499
603963.SH,*ST大药,20180613,-8.8574250905499
603963.SH,*ST大药,20180612,-8.8574250905499
603963.SH,*ST大药,20180611,-8.8574250905499
603963.SH,*ST大药,20180610,-8.8574250905499
603963.SH,*ST大药,20180609,-8.8574250905499
603963.SH,*ST大药,20180608,-8.8574250905499
603963.SH,*ST大药,20180607,-8.8574250905499
603963.SH,*ST大药,20180606,-8.8574250905499
603963.SH,*ST大药,20180605,-8.8574250905499
603963.SH,*ST大药,20180604,-8.8574250905499
603963.SH,*ST大药,20180603,-8.8574250905499
603963.SH,*ST大药,20180602,-8.8574250905499
603963.SH,*ST大药,20180601,-8.8574250905499
603963.SH,*ST大药,20180531,-0.32819166393173
603963.SH,*ST大药,20180530,-0.32819166393173
603963.SH,*ST大药,20180529,-0.32819166393173
603963.SH,*ST大药,20180528,-0.32819166393173
603963.SH,*ST大药,20180527,-0.32819166393173
603963.SH,*ST大药,20180526,-0.32819166393173
603963.SH,*ST大药,20180525,-0.32819166393173
603963.SH,*ST大药,20180524,-0.32819166393173
603963.SH,*ST大药,20180523,-0.32819166393173
603963.SH,*ST大药,20180522,-0.32819166393173
603963.SH,*ST大药,20180521,-0.32819166393173
603963.SH,*ST大药,20180520,-0.32819166393173
603963.SH,*ST大药,20180519,-0.32819166393173
603963.SH,*ST大药,20180518,-0.32819166393173
603963.SH,*ST大药,20180517,-0.32819166393173
603963.SH,*ST大药,20180516,-0.32819166393173
603963.SH,*ST大药,20180515,-0.32819166393173
603963.SH,*ST大药,20180514,-0.32819166393173
603963.SH,*ST大药,20180513,-0.32819166393173
603963.SH,*ST大药,20180512,-0.32819166393173
603963.SH,*ST大药,20180511,-0.32819166393173
603963.SH,*ST大药,20180510,-0.32819166393173
603963.SH,*ST大药,20180509,-0.32819166393173
603963.SH,*ST大药,20180508,-0.32819166393173
603963.SH,*ST大药,20180507,-0.32819166393173
603963.SH,*ST大药,20180506,-0.32819166393173
603963.SH,*ST大药,20180505,-0.32819166393173
603963.SH,*ST大药,20180504,-0.32819166393173
603963.SH,*ST大药,20180503,-0.32819166393173
603963.SH,*ST大药,20180502,-0.32819166393173
603963.SH,*ST大药,20180501,-0.32819166393173
603963.SH,*ST大药,20180430,-9.557732264767
603963.SH,*ST大药,20180429,-9.557732264767
603963.SH,*ST大药,20180428,-9.557732264767
603963.SH,*ST大药,20180427,-9.557732264767
603963.SH,*ST大药,20180426,-9.557732264767
603963.SH,*ST大药,20180425,-9.557732264767
603963.SH,*ST大药,20180424,-9.557732264767
603963.SH,*ST大药,20180423,-9.557732264767
603963.SH,*ST大药,20180422,-9.557732264767
603963.SH,*ST大药,20180421,-9.557732264767
603963.SH,*ST大药,20180420,-9.557732264767
603963.SH,*ST大药,20180419,-9.557732264767
603963.SH,*ST大药,20180418,-9.557732264767
603963.SH,*ST大药,20180417,-9.557732264767
603963.SH,*ST大药,20180416,-9.557732264767
603963.SH,*ST大药,20180415,-9.557732264767
603963.SH,*ST大药,20180414,-9.557732264767
603963.SH,*ST大药,20180413,-9.557732264767
603963.SH,*ST大药,20180412,-9.557732264767
603963.SH,*ST大药,20180411,-9.557732264767
603963.SH,*ST大药,20180410,-9.557732264767
603963.SH,*ST大药,20180409,-9.557732264767
603963.SH,*ST大药,20180408,-9.557732264767
603963.SH,*ST大药,20180407,-9.557732264767
603963.SH,*ST大药,20180406,-9.557732264767
603963.SH,*ST大药,20180405,-9.557732264767
603963.SH,*ST大药,20180404,-9.557732264767
603963.SH,*ST大药,20180403,-9.557732264767
603963.SH,*ST大药,20180402,-9.557732264767
603963.SH,*ST大药,20180401,-9.557732264767
603963.SH,*ST大药,20180331,35.192616372392
603963.SH,*ST大药,20180330,35.192616372392
603963.SH,*ST大药,20180329,35.192616372392
603963.SH,*ST大药,20180328,35.192616372392
603963.SH,*ST大药,20180327,35.192616372392
603963.SH,*ST大药,20180326,35.192616372392
603963.SH,*ST大药,20180325,35.192616372392
603963.SH,*ST大药,20180324,35.192616372392
603963.SH,*ST大药,20180323,35.192616372392
603963.SH,*ST大药,20180322,35.192616372392
603963.SH,*ST大药,20180321,35.192616372392
603963.SH,*ST大药,20180320,35.192616372392
603963.SH,*ST大药,20180319,35.192616372392
603963.SH,*ST大药,20180318,35.192616372392
603963.SH,*ST大药,20180317,35.192616372392
603963.SH,*ST大药,20180316,35.192616372392
603963.SH,*ST大药,20180315,35.192616372392
603963.SH,*ST大药,20180314,35.192616372392
603963.SH,*ST大药,20180313,35.192616372392
603963.SH,*ST大药,20180312,35.192616372392
603963.SH,*ST大药,20180311,35.192616372392
603963.SH,*ST大药,20180310,35.192616372392
603963.SH,*ST大药,20180309,35.192616372392
603963.SH,*ST大药,20180308,35.192616372392
603963.SH,*ST大药,20180307,35.192616372392
603963.SH,*ST大药,20180306,35.192616372392
603963.SH,*ST大药,20180305,35.192616372392
603963.SH,*ST大药,20180304,35.192616372392
603963.SH,*ST大药,20180303,35.192616372392
603963.SH,*ST大药,20180302,35.192616372392
603963.SH,*ST大药,20180301,35.192616372392
603963.SH,*ST大药,20180228,-9.5134350036311
603963.SH,*ST大药,20180227,-9.5134350036311
603963.SH,*ST大药,20180226,-9.5134350036311
603963.SH,*ST大药,20180225,-9.5134350036311
603963.SH,*ST大药,20180224,-9.5134350036311
603963.SH,*ST大药,20180223,-9.5134350036311
603963.SH,*ST大药,20180222,-9.5134350036311
603963.SH,*ST大药,20180221,-9.5134350036311
603963.SH,*ST大药,20180220,-9.5134350036311
603963.SH,*ST大药,20180219,-9.5134350036311
603963.SH,*ST大药,20180218,-9.5134350036311
603963.SH,*ST大药,20180217,-9.5134350036311
603963.SH,*ST大药,20180216,-9.5134350036311
603963.SH,*ST大药,20180215,-9.5134350036311
603963.SH,*ST大药,20180214,-9.5134350036311
603963.SH,*ST大药,20180213,-9.5134350036311
603963.SH,*ST大药,20180212,-9.5134350036311
603963.SH,*ST大药,20180211,-9.5134350036311
603963.SH,*ST大药,20180210,-9.5134350036311
603963.SH,*ST大药,20180209,-9.5134350036311
603963.SH,*ST大药,20180208,-9.5134350036311
603963.SH,*ST大药,20180207,-9.5134350036311
603963.SH,*ST大药,20180206,-9.5134350036311
603963.SH,*ST大药,20180205,-9.5134350036311
603963.SH,*ST大药,20180204,-9.5134350036311
603963.SH,*ST大药,20180203,-9.5134350036311
603963.SH,*ST大药,20180202,-9.5134350036311
603963.SH,*ST大药,20180201,-9.5134350036311
603963.SH,*ST大药,20180131,-3.5714285714286
603963.SH,*ST大药,20180130,-3.5714285714286
603963.SH,*ST大药,20180129,-3.5714285714286
603963.SH,*ST大药,20180128,-3.5714285714286
603963.SH,*ST大药,20180127,-3.5714285714286
603963.SH,*ST大药,20180126,-3.5714285714286
603963.SH,*ST大药,20180125,-3.5714285714286
603963.SH,*ST大药,20180124,-3.5714285714286
603963.SH,*ST大药,20180123,-3.5714285714286
603963.SH,*ST大药,20180122,-3.5714285714286
603963.SH,*ST大药,20180121,-3.5714285714286
603963.SH,*ST大药,20180120,-3.5714285714286
603963.SH,*ST大药,20180119,-3.5714285714286
603963.SH,*ST大药,20180118,-3.5714285714286
603963.SH,*ST大药,20180117,-3.5714285714286
603963.SH,*ST大药,20180116,-3.5714285714286
603963.SH,*ST大药,20180115,-3.5714285714286
603963.SH,*ST大药,20180114,-3.5714285714286
603963.SH,*ST大药,20180113,-3.5714285714286
603963.SH,*ST大药,20180112,-3.5714285714286
603963.SH,*ST大药,20180111,-3.5714285714286
603963.SH,*ST大药,20180110,-3.5714285714286
603963.SH,*ST大药,20180109,-3.5714285714286
603963.SH,*ST大药,20180108,-3.5714285714286
603963.SH,*ST大药,20180107,-3.5714285714286
603963.SH,*ST大药,20180106,-3.5714285714286
603963.SH,*ST大药,20180105,-3.5714285714286
603963.SH,*ST大药,20180104,-3.5714285714286
603963.SH,*ST大药,20180103,-3.5714285714286
603963.SH,*ST大药,20180102,-3.5714285714286
603963.SH,*ST大药,20180101,-3.5714285714286
603963.SH,*ST大药,20171231,2.3655913978495
603963.SH,*ST大药,20171230,2.3655913978495
603963.SH,*ST大药,20171229,2.3655913978495
603963.SH,*ST大药,20171228,2.3655913978495
603963.SH,*ST大药,20171227,2.3655913978495
603963.SH,*ST大药,20171226,2.3655913978495
603963.SH,*ST大药,20171225,2.3655913978495
603963.SH,*ST大药,20171224,2.3655913978495
603963.SH,*ST大药,20171223,2.3655913978495
603963.SH,*ST大药,20171222,2.3655913978495
603963.SH,*ST大药,20171221,2.3655913978495
603963.SH,*ST大药,20171220,2.3655913978495
603963.SH,*ST大药,20171219,2.3655913978495
603963.SH,*ST大药,20171218,2.3655913978495
603963.SH,*ST大药,20171217,2.3655913978495
603963.SH,*ST大药,20171216,2.3655913978495
603963.SH,*ST大药,20171215,2.3655913978495
603963.SH,*ST大药,20171214,2.3655913978495
603963.SH,*ST大药,20171213,2.3655913978495
603963.SH,*ST大药,20171212,2.3655913978495
603963.SH,*ST大药,20171211,2.3655913978495
603963.SH,*ST大药,20171210,2.3655913978495
603963.SH,*ST大药,20171209,2.3655913978495
603963.SH,*ST大药,20171208,2.3655913978495
603963.SH,*ST大药,20171207,2.3655913978495
603963.SH,*ST大药,20171206,2.3655913978495
603963.SH,*ST大药,20171205,2.3655913978495
603963.SH,*ST大药,20171204,2.3655913978495
603963.SH,*ST大药,20171203,2.3655913978495
603963.SH,*ST大药,20171202,2.3655913978495
603963.SH,*ST大药,20171201,2.3655913978495
603963.SH,*ST大药,20171130,-18.611435239207
603963.SH,*ST大药,20171129,-18.611435239207
603963.SH,*ST大药,20171128,-18.611435239207
603963.SH,*ST大药,20171127,-18.611435239207
603963.SH,*ST大药,20171126,-18.611435239207
603963.SH,*ST大药,20171125,-18.611435239207
603963.SH,*ST大药,20171124,-18.611435239207
603963.SH,*ST大药,20171123,-18.611435239207
603963.SH,*ST大药,20171122,-18.611435239207
603963.SH,*ST大药,20171121,-18.611435239207
603963.SH,*ST大药,20171120,-18.611435239207
603963.SH,*ST大药,20171119,-18.611435239207
603963.SH,*ST大药,20171118,-18.611435239207
603963.SH,*ST大药,20171117,-18.611435239207
603963.SH,*ST大药,20171116,-18.611435239207
603963.SH,*ST大药,20171115,-18.611435239207
603963.SH,*ST大药,20171114,-18.611435239207
603963.SH,*ST大药,20171113,-18.611435239207
603963.SH,*ST大药,20171112,-18.611435239207
603963.SH,*ST大药,20171111,-18.611435239207
603963.SH,*ST大药,20171110,-18.611435239207
603963.SH,*ST大药,20171109,-18.611435239207
603963.SH,*ST大药,20171108,-18.611435239207
603963.SH,*ST大药,20171107,-18.611435239207
603963.SH,*ST大药,20171106,-18.611435239207
603963.SH,*ST大药,20171105,-18.611435239207
603963.SH,*ST大药,20171104,-18.611435239207
603963.SH,*ST大药,20171103,-18.611435239207
603963.SH,*ST大药,20171102,-18.611435239207
603963.SH,*ST大药,20171101,-18.611435239207
603963.SH,*ST大药,20171031,17.517997943092
603963.SH,*ST大药,20171030,17.517997943092
603963.SH,*ST大药,20171029,17.517997943092
603963.SH,*ST大药,20171028,17.517997943092
603963.SH,*ST大药,20171027,17.517997943092
603963.SH,*ST大药,20171026,17.517997943092
603963.SH,*ST大药,20171025,17.517997943092
603963.SH,*ST大药,20171024,17.517997943092
603963.SH,*ST大药,20171023,17.517997943092
603963.SH,*ST大药,20171022,17.517997943092
603963.SH,*ST大药,20171021,17.517997943092
603963.SH,*ST大药,20171020,17.517997943092
603963.SH,*ST大药,20171019,17.517997943092
603963.SH,*ST大药,20171018,17.517997943092
603963.SH,*ST大药,20171017,17.517997943092
603963.SH,*ST大药,20171016,17.517997943092
603963.SH,*ST大药,20171015,17.517997943092
603963.SH,*ST大药,20171014,17.517997943092
603963.SH,*ST大药,20171013,17.517997943092
603963.SH,*ST大药,20171012,17.517997943092
603963.SH,*ST大药,20171011,17.517997943092
603963.SH,*ST大药,20171010,17.517997943092
603963.SH,*ST大药,20171009,17.517997943092
603963.SH,*ST大药,20171008,17.517997943092
603963.SH,*ST大药,20171007,17.517997943092
603963.SH,*ST大药,20171006,17.517997943092
603963.SH,*ST大药,20171005,17.517997943092
603963.SH,*ST大药,20171004,17.517997943092
603963.SH,*ST大药,20171003,17.517997943092
603963.SH,*ST大药,20171002,17.517997943092
603963.SH,*ST大药,20171001,17.517997943092
603963.SH,*ST大药,20170930,131.8759936407
603963.SH,*ST大药,20170929,131.8759936407
603963.SH,*ST大药,20170928,131.8759936407
603963.SH,*ST大药,20170927,131.8759936407
603963.SH,*ST大药,20170926,131.8759936407
603963.SH,*ST大药,20170925,131.8759936407
603963.SH,*ST大药,20170924,131.8759936407
603963.SH,*ST大药,20170923,131.8759936407
603963.SH,*ST大药,20170922,131.8759936407
603963.SH,*ST大药,20170921,131.8759936407
603963.SH,*ST大药,20170920,131.8759936407
603963.SH,*ST大药,20170919,131.8759936407
603963.SH,*ST大药,20170918,131.8759936407
603963.SH,*ST大药,20170917,131.8759936407
603963.SH,*ST大药,20170916,131.8759936407
603963.SH,*ST大药,20170915,131.8759936407
603963.SH,*ST大药,20170914,131.8759936407
603963.SH,*ST大药,20170913,131.8759936407
603963.SH,*ST大药,20170912,131.8759936407
603963.SH,*ST大药,20170911,131.8759936407
603963.SH,*ST大药,20170910,131.8759936407
603963.SH,*ST大药,20170909,131.8759936407
603963.SH,*ST大药,20170908,131.8759936407
603963.SH,*ST大药,20170907,131.8759936407
603963.SH,*ST大药,20170906,131.8759936407
603963.SH,*ST大药,20170905,131.8759936407
603963.SH,*ST大药,20170904,131.8759936407
603963.SH,*ST大药,20170903,131.8759936407
603963.SH,*ST大药,20170902,131.8759936407
603963.SH,*ST大药,20170901,131.8759936407
603963.SH,*ST大药,20170831,
603963.SH,*ST大药,20170830,
603963.SH,*ST大药,20170829,
603963.SH,*ST大药,20170828,
603963.SH,*ST大药,20170827,
603963.SH,*ST大药,20170826,
603963.SH,*ST大药,20170825,
603963.SH,*ST大药,20170824,
603963.SH,*ST大药,20170823,
603963.SH,*ST大药,20170822,
603963.SH,*ST大药,20170821,
603963.SH,*ST大药,20170820,
603963.SH,*ST大药,20170819,
603963.SH,*ST大药,20170818,
603963.SH,*ST大药,20170817,
603963.SH,*ST大药,20170816,
603963.SH,*ST大药,20170815,
603963.SH,*ST大药,20170814,
603963.SH,*ST大药,20170813,
603963.SH,*ST大药,20170812,
603963.SH,*ST大药,20170811,
603963.SH,*ST大药,20170810,
603963.SH,*ST大药,20170809,
603963.SH,*ST大药,20170808,
603963.SH,*ST大药,20170807,
603963.SH,*ST大药,20170806,
603963.SH,*ST大药,20170805,
603963.SH,*ST大药,20170804,
603963.SH,*ST大药,20170803,
603963.SH,*ST大药,20170802,
603963.SH,*ST大药,20170801,
603963.SH,*ST大药,20170731,
603963.SH,*ST大药,20170730,
603963.SH,*ST大药,20170729,
603963.SH,*ST大药,20170728,
603963.SH,*ST大药,20170727,
603963.SH,*ST大药,20170726,
603963.SH,*ST大药,20170725,
603963.SH,*ST大药,20170724,
603963.SH,*ST大药,20170723,
603963.SH,*ST大药,20170722,
603963.SH,*ST大药,20170721,
603963.SH,*ST大药,20170720,
603963.SH,*ST大药,20170719,
603963.SH,*ST大药,20170718,
603963.SH,*ST大药,20170717,
603963.SH,*ST大药,20170716,
603963.SH,*ST大药,20170715,
603963.SH,*ST大药,20170714,
603963.SH,*ST大药,20170713,
603963.SH,*ST大药,20170712,
603963.SH,*ST大药,20170711,
603963.SH,*ST大药,20170710,
603963.SH,*ST大药,20170709,
603963.SH,*ST大药,20170708,
603963.SH,*ST大药,20170707,
603963.SH,*ST大药,20170706,
603963.SH,*ST大药,20170705,
603963.SH,*ST大药,20170704,
603963.SH,*ST大药,20170703,
603963.SH,*ST大药,20170702,
603963.SH,*ST大药,20170701,
603963.SH,*ST大药,20170630,
603963.SH,*ST大药,20170629,
603963.SH,*ST大药,20170628,
603963.SH,*ST大药,20170627,
603963.SH,*ST大药,20170626,
603963.SH,*ST大药,20170625,
603963.SH,*ST大药,20170624,
603963.SH,*ST大药,20170623,
603963.SH,*ST大药,20170622,
603963.SH,*ST大药,20170621,
603963.SH,*ST大药,20170620,
603963.SH,*ST大药,20170619,
603963.SH,*ST大药,20170618,
603963.SH,*ST大药,20170617,
603963.SH,*ST大药,20170616,
603963.SH,*ST大药,20170615,
603963.SH,*ST大药,20170614,
603963.SH,*ST大药,20170613,
603963.SH,*ST大药,20170612,
603963.SH,*ST大药,20170611,
603963.SH,*ST大药,20170610,
603963.SH,*ST大药,20170609,
603963.SH,*ST大药,20170608,
603963.SH,*ST大药,20170607,
603963.SH,*ST大药,20170606,
603963.SH,*ST大药,20170605,
603963.SH,*ST大药,20170604,
603963.SH,*ST大药,20170603,
603963.SH,*ST大药,20170602,
603963.SH,*ST大药,20170601,
603963.SH,*ST大药,20170531,
603963.SH,*ST大药,20170530,
603963.SH,*ST大药,20170529,
603963.SH,*ST大药,20170528,
603963.SH,*ST大药,20170527,
603963.SH,*ST大药,20170526,
603963.SH,*ST大药,20170525,
603963.SH,*ST大药,20170524,
603963.SH,*ST大药,20170523,
603963.SH,*ST大药,20170522,
603963.SH,*ST大药,20170521,
603963.SH,*ST大药,20170520,
603963.SH,*ST大药,20170519,
603963.SH,*ST大药,20170518,
603963.SH,*ST大药,20170517,
603963.SH,*ST大药,20170516,
603963.SH,*ST大药,20170515,
603963.SH,*ST大药,20170514,
603963.SH,*ST大药,20170513,
603963.SH,*ST大药,20170512,
603963.SH,*ST大药,20170511,
603963.SH,*ST大药,20170510,
603963.SH,*ST大药,20170509,
603963.SH,*ST大药,20170508,
603963.SH,*ST大药,20170507,
603963.SH,*ST大药,20170506,
603963.SH,*ST大药,20170505,
603963.SH,*ST大药,20170504,
603963.SH,*ST大药,20170503,
603963.SH,*ST大药,20170502,
603963.SH,*ST大药,20170501,
603963.SH,*ST大药,20170430,
603963.SH,*ST大药,20170429,
603963.SH,*ST大药,20170428,
603963.SH,*ST大药,20170427,
603963.SH,*ST大药,20170426,
603963.SH,*ST大药,20170425,
603963.SH,*ST大药,20170424,
603963.SH,*ST大药,20170423,
603963.SH,*ST大药,20170422,
603963.SH,*ST大药,20170421,
603963.SH,*ST大药,20170420,
603963.SH,*ST大药,20170419,
603963.SH,*ST大药,20170418,
603963.SH,*ST大药,20170417,
603963.SH,*ST大药,20170416,
603963.SH,*ST大药,20170415,
603963.SH,*ST大药,20170414,
603963.SH,*ST大药,20170413,
603963.SH,*ST大药,20170412,
603963.SH,*ST大药,20170411,
603963.SH,*ST大药,20170410,
603963.SH,*ST大药,20170409,
603963.SH,*ST大药,20170408,
603963.SH,*ST大药,20170407,
603963.SH,*ST大药,20170406,
603963.SH,*ST大药,20170405,
603963.SH,*ST大药,20170404,
603963.SH,*ST大药,20170403,
603963.SH,*ST大药,20170402,
603963.SH,*ST大药,20170401,
603963.SH,*ST大药,20170331,
603963.SH,*ST大药,20170330,
603963.SH,*ST大药,20170329,
603963.SH,*ST大药,20170328,
603963.SH,*ST大药,20170327,
603963.SH,*ST大药,20170326,
603963.SH,*ST大药,20170325,
603963.SH,*ST大药,20170324,
603963.SH,*ST大药,20170323,
603963.SH,*ST大药,20170322,
603963.SH,*ST大药,20170321,
603963.SH,*ST大药,20170320,
603963.SH,*ST大药,20170319,
603963.SH,*ST大药,20170318,
603963.SH,*ST大药,20170317,
603963.SH,*ST大药,20170316,
603963.SH,*ST大药,20170315,
603963.SH,*ST大药,20170314,
603963.SH,*ST大药,20170313,
603963.SH,*ST大药,20170312,
603963.SH,*ST大药,20170311,
603963.SH,*ST大药,20170310,
603963.SH,*ST大药,20170309,
603963.SH,*ST大药,20170308,
603963.SH,*ST大药,20170307,
603963.SH,*ST大药,20170306,
603963.SH,*ST大药,20170305,
603963.SH,*ST大药,20170304,
603963.SH,*ST大药,20170303,
603963.SH,*ST大药,20170302,
603963.SH,*ST大药,20170301,
603963.SH,*ST大药,20170228,
603963.SH,*ST大药,20170227,
603963.SH,*ST大药,20170226,
603963.SH,*ST大药,20170225,
603963.SH,*ST大药,20170224,
603963.SH,*ST大药,20170223,
603963.SH,*ST大药,20170222,
603963.SH,*ST大药,20170221,
603963.SH,*ST大药,20170220,
603963.SH,*ST大药,20170219,
603963.SH,*ST大药,20170218,
603963.SH,*ST大药,20170217,
603963.SH,*ST大药,20170216,
603963.SH,*ST大药,20170215,
603963.SH,*ST大药,20170214,
603963.SH,*ST大药,20170213,
603963.SH,*ST大药,20170212,
603963.SH,*ST大药,20170211,
603963.SH,*ST大药,20170210,
603963.SH,*ST大药,20170209,
603963.SH,*ST大药,20170208,
603963.SH,*ST大药,20170207,
603963.SH,*ST大药,20170206,
603963.SH,*ST大药,20170205,
603963.SH,*ST大药,20170204,
603963.SH,*ST大药,20170203,
603963.SH,*ST大药,20170202,
603963.SH,*ST大药,20170201,
603963.SH,*ST大药,20170131,
603963.SH,*ST大药,20170130,
603963.SH,*ST大药,20170129,
603963.SH,*ST大药,20170128,
603963.SH,*ST大药,20170127,
603963.SH,*ST大药,20170126,
603963.SH,*ST大药,20170125,
603963.SH,*ST大药,20170124,
603963.SH,*ST大药,20170123,
603963.SH,*ST大药,20170122,
603963.SH,*ST大药,20170121,
603963.SH,*ST大药,20170120,
603963.SH,*ST大药,20170119,
603963.SH,*ST大药,20170118,
603963.SH,*ST大药,20170117,
603963.SH,*ST大药,20170116,
603963.SH,*ST大药,20170115,
603963.SH,*ST大药,20170114,
603963.SH,*ST大药,20170113,
603963.SH,*ST大药,20170112,
603963.SH,*ST大药,20170111,
603963.SH,*ST大药,20170110,
603963.SH,*ST大药,20170109,
603963.SH,*ST大药,20170108,
603963.SH,*ST大药,20170107,
603963.SH,*ST大药,20170106,
603963.SH,*ST大药,20170105,
603963.SH,*ST大药,20170104,
603963.SH,*ST大药,20170103,
603963.SH,*ST大药,20170102,
603963.SH,*ST大药,20170101,
603963.SH,*ST大药,20161231,
603963.SH,*ST大药,20161230,
603963.SH,*ST大药,20161229,
603963.SH,*ST大药,20161228,
603963.SH,*ST大药,20161227,
603963.SH,*ST大药,20161226,
603963.SH,*ST大药,20161225,
603963.SH,*ST大药,20161224,
603963.SH,*ST大药,20161223,
603963.SH,*ST大药,20161222,
603963.SH,*ST大药,20161221,
603963.SH,*ST大药,20161220,
603963.SH,*ST大药,20161219,
603963.SH,*ST大药,20161218,
603963.SH,*ST大药,20161217,
603963.SH,*ST大药,20161216,
603963.SH,*ST大药,20161215,
603963.SH,*ST大药,20161214,
603963.SH,*ST大药,20161213,
603963.SH,*ST大药,20161212,
603963.SH,*ST大药,20161211,
603963.SH,*ST大药,20161210,
603963.SH,*ST大药,20161209,
603963.SH,*ST大药,20161208,
603963.SH,*ST大药,20161207,
603963.SH,*ST大药,20161206,
603963.SH,*ST大药,20161205,
603963.SH,*ST大药,20161204,
603963.SH,*ST大药,20161203,
603963.SH,*ST大药,20161202,
603963.SH,*ST大药,20161201,
603963.SH,*ST大药,20161130,
603963.SH,*ST大药,20161129,
603963.SH,*ST大药,20161128,
603963.SH,*ST大药,20161127,
603963.SH,*ST大药,20161126,
603963.SH,*ST大药,20161125,
603963.SH,*ST大药,20161124,
603963.SH,*ST大药,20161123,
603963.SH,*ST大药,20161122,
603963.SH,*ST大药,20161121,
603963.SH,*ST大药,20161120,
603963.SH,*ST大药,20161119,
603963.SH,*ST大药,20161118,
603963.SH,*ST大药,20161117,
603963.SH,*ST大药,20161116,
603963.SH,*ST大药,20161115,
603963.SH,*ST大药,20161114,
603963.SH,*ST大药,20161113,
603963.SH,*ST大药,20161112,
603963.SH,*ST大药,20161111,
603963.SH,*ST大药,20161110,
603963.SH,*ST大药,20161109,
603963.SH,*ST大药,20161108,
603963.SH,*ST大药,20161107,
603963.SH,*ST大药,20161106,
603963.SH,*ST大药,20161105,
603963.SH,*ST大药,20161104,
603963.SH,*ST大药,20161103,
603963.SH,*ST大药,20161102,
603963.SH,*ST大药,20161101,
603963.SH,*ST大药,20161031,
603963.SH,*ST大药,20161030,
603963.SH,*ST大药,20161029,
603963.SH,*ST大药,20161028,
603963.SH,*ST大药,20161027,
603963.SH,*ST大药,20161026,
603963.SH,*ST大药,20161025,
603963.SH,*ST大药,20161024,
603963.SH,*ST大药,20161023,
603963.SH,*ST大药,20161022,
603963.SH,*ST大药,20161021,
603963.SH,*ST大药,20161020,
603963.SH,*ST大药,20161019,
603963.SH,*ST大药,20161018,
603963.SH,*ST大药,20161017,
603963.SH,*ST大药,20161016,
603963.SH,*ST大药,20161015,
603963.SH,*ST大药,20161014,
603963.SH,*ST大药,20161013,
603963.SH,*ST大药,20161012,
603963.SH,*ST大药,20161011,
603963.SH,*ST大药,20161010,
603963.SH,*ST大药,20161009,
603963.SH,*ST大药,20161008,
603963.SH,*ST大药,20161007,
603963.SH,*ST大药,20161006,
603963.SH,*ST大药,20161005,
603963.SH,*ST大药,20161004,
603963.SH,*ST大药,20161003,
603963.SH,*ST大药,20161002,
603963.SH,*ST大药,20161001,
603963.SH,*ST大药,20160930,
603963.SH,*ST大药,20160929,
603963.SH,*ST大药,20160928,
603963.SH,*ST大药,20160927,
603963.SH,*ST大药,20160926,
603963.SH,*ST大药,20160925,
603963.SH,*ST大药,20160924,
603963.SH,*ST大药,20160923,
603963.SH,*ST大药,20160922,
603963.SH,*ST大药,20160921,
603963.SH,*ST大药,20160920,
603963.SH,*ST大药,20160919,
603963.SH,*ST大药,20160918,
603963.SH,*ST大药,20160917,
603963.SH,*ST大药,20160916,
603963.SH,*ST大药,20160915,
603963.SH,*ST大药,20160914,
603963.SH,*ST大药,20160913,
603963.SH,*ST大药,20160912,
603963.SH,*ST大药,20160911,
603963.SH,*ST大药,20160910,
603963.SH,*ST大药,20160909,
603963.SH,*ST大药,20160908,
603963.SH,*ST大药,20160907,
603963.SH,*ST大药,20160906,
603963.SH,*ST大药,20160905,
603963.SH,*ST大药,20160904,
603963.SH,*ST大药,20160903,
603963.SH,*ST大药,20160902,
603963.SH,*ST大药,20160901,
603963.SH,*ST大药,20160831,
603963.SH,*ST大药,20160830,
603963.SH,*ST大药,20160829,
603963.SH,*ST大药,20160828,
603963.SH,*ST大药,20160827,
603963.SH,*ST大药,20160826,
603963.SH,*ST大药,20160825,
603963.SH,*ST大药,20160824,
603963.SH,*ST大药,20160823,
603963.SH,*ST大药,20160822,
603963.SH,*ST大药,20160821,
603963.SH,*ST大药,20160820,
603963.SH,*ST大药,20160819,
603963.SH,*ST大药,20160818,
603963.SH,*ST大药,20160817,
603963.SH,*ST大药,20160816,
603963.SH,*ST大药,20160815,
603963.SH,*ST大药,20160814,
603963.SH,*ST大药,20160813,
603963.SH,*ST大药,20160812,
603963.SH,*ST大药,20160811,
603963.SH,*ST大药,20160810,
603963.SH,*ST大药,20160809,
603963.SH,*ST大药,20160808,
603963.SH,*ST大药,20160807,
603963.SH,*ST大药,20160806,
603963.SH,*ST大药,20160805,
603963.SH,*ST大药,20160804,
603963.SH,*ST大药,20160803,
603963.SH,*ST大药,20160802,
603963.SH,*ST大药,20160801,
603963.SH,*ST大药,20160731,
603963.SH,*ST大药,20160730,
603963.SH,*ST大药,20160729,
603963.SH,*ST大药,20160728,
603963.SH,*ST大药,20160727,
603963.SH,*ST大药,20160726,
603963.SH,*ST大药,20160725,
603963.SH,*ST大药,20160724,
603963.SH,*ST大药,20160723,
603963.SH,*ST大药,20160722,
603963.SH,*ST大药,20160721,
603963.SH,*ST大药,20160720,
603963.SH,*ST大药,20160719,
603963.SH,*ST大药,20160718,
603963.SH,*ST大药,20160717,
603963.SH,*ST大药,20160716,
603963.SH,*ST大药,20160715,
603963.SH,*ST大药,20160714,
603963.SH,*ST大药,20160713,
603963.SH,*ST大药,20160712,
603963.SH,*ST大药,20160711,
603963.SH,*ST大药,20160710,
603963.SH,*ST大药,20160709,
603963.SH,*ST大药,20160708,
603963.SH,*ST大药,20160707,
603963.SH,*ST大药,20160706,
603963.SH,*ST大药,20160705,
603963.SH,*ST大药,20160704,
603963.SH,*ST大药,20160703,
603963.SH,*ST大药,20160702,
603963.SH,*ST大药,20160701,
603963.SH,*ST大药,20160630,
603963.SH,*ST大药,20160629,
603963.SH,*ST大药,20160628,
603963.SH,*ST大药,20160627,
603963.SH,*ST大药,20160626,
603963.SH,*ST大药,20160625,
603963.SH,*ST大药,20160624,
603963.SH,*ST大药,20160623,
603963.SH,*ST大药,20160622,
603963.SH,*ST大药,20160621,
603963.SH,*ST大药,20160620,
603963.SH,*ST大药,20160619,
603963.SH,*ST大药,20160618,
603963.SH,*ST大药,20160617,
603963.SH,*ST大药,20160616,
603963.SH,*ST大药,20160615,
603963.SH,*ST大药,20160614,
603963.SH,*ST大药,20160613,
603963.SH,*ST大药,20160612,
603963.SH,*ST大药,20160611,
603963.SH,*ST大药,20160610,
603963.SH,*ST大药,20160609,
603963.SH,*ST大药,20160608,
603963.SH,*ST大药,20160607,
603963.SH,*ST大药,20160606,
603963.SH,*ST大药,20160605,
603963.SH,*ST大药,20160604,
603963.SH,*ST大药,20160603,
603963.SH,*ST大药,20160602,
603963.SH,*ST大药,20160601,
603963.SH,*ST大药,20160531,
603963.SH,*ST大药,20160530,
603963.SH,*ST大药,20160529,
603963.SH,*ST大药,20160528,
603963.SH,*ST大药,20160527,
603963.SH,*ST大药,20160526,
603963.SH,*ST大药,20160525,
603963.SH,*ST大药,20160524,
603963.SH,*ST大药,20160523,
603963.SH,*ST大药,20160522,
603963.SH,*ST大药,20160521,
603963.SH,*ST大药,20160520,
603963.SH,*ST大药,20160519,
603963.SH,*ST大药,20160518,
603963.SH,*ST大药,20160517,
603963.SH,*ST大药,20160516,
603963.SH,*ST大药,20160515,
603963.SH,*ST大药,20160514,
603963.SH,*ST大药,20160513,
603963.SH,*ST大药,20160512,
603963.SH,*ST大药,20160511,
603963.SH,*ST大药,20160510,
603963.SH,*ST大药,20160509,
603963.SH,*ST大药,20160508,
603963.SH,*ST大药,20160507,
603963.SH,*ST大药,20160506,
603963.SH,*ST大药,20160505,
603963.SH,*ST大药,20160504,
603963.SH,*ST大药,20160503,
603963.SH,*ST大药,20160502,
603963.SH,*ST大药,20160501,
603963.SH,*ST大药,20160430,
603963.SH,*ST大药,20160429,
603963.SH,*ST大药,20160428,
603963.SH,*ST大药,20160427,
603963.SH,*ST大药,20160426,
603963.SH,*ST大药,20160425,
603963.SH,*ST大药,20160424,
603963.SH,*ST大药,20160423,
603963.SH,*ST大药,20160422,
603963.SH,*ST大药,20160421,
603963.SH,*ST大药,20160420,
603963.SH,*ST大药,20160419,
603963.SH,*ST大药,20160418,
603963.SH,*ST大药,20160417,
603963.SH,*ST大药,20160416,
603963.SH,*ST大药,20160415,
603963.SH,*ST大药,20160414,
603963.SH,*ST大药,20160413,
603963.SH,*ST大药,20160412,
603963.SH,*ST大药,20160411,
603963.SH,*ST大药,20160410,
603963.SH,*ST大药,20160409,
603963.SH,*ST大药,20160408,
603963.SH,*ST大药,20160407,
603963.SH,*ST大药,20160406,
603963.SH,*ST大药,20160405,
603963.SH,*ST大药,20160404,
603963.SH,*ST大药,20160403,
603963.SH,*ST大药,20160402,
603963.SH,*ST大药,20160401,
603963.SH,*ST大药,20160331,
603963.SH,*ST大药,20160330,
603963.SH,*ST大药,20160329,
603963.SH,*ST大药,20160328,
603963.SH,*ST大药,20160327,
603963.SH,*ST大药,20160326,
603963.SH,*ST大药,20160325,
603963.SH,*ST大药,20160324,
603963.SH,*ST大药,20160323,
603963.SH,*ST大药,20160322,
603963.SH,*ST大药,20160321,
603963.SH,*ST大药,20160320,
603963.SH,*ST大药,20160319,
603963.SH,*ST大药,20160318,
603963.SH,*ST大药,20160317,
603963.SH,*ST大药,20160316,
603963.SH,*ST大药,20160315,
603963.SH,*ST大药,20160314,
603963.SH,*ST大药,20160313,
603963.SH,*ST大药,20160312,
603963.SH,*ST大药,20160311,
603963.SH,*ST大药,20160310,
603963.SH,*ST大药,20160309,
603963.SH,*ST大药,20160308,
603963.SH,*ST大药,20160307,
603963.SH,*ST大药,20160306,
603963.SH,*ST大药,20160305,
603963.SH,*ST大药,20160304,
603963.SH,*ST大药,20160303,
603963.SH,*ST大药,20160302,
603963.SH,*ST大药,20160301,
603963.SH,*ST大药,20160229,
603963.SH,*ST大药,20160228,
603963.SH,*ST大药,20160227,
603963.SH,*ST大药,20160226,
603963.SH,*ST大药,20160225,
603963.SH,*ST大药,20160224,
603963.SH,*ST大药,20160223,
603963.SH,*ST大药,20160222,
603963.SH,*ST大药,20160221,
603963.SH,*ST大药,20160220,
603963.SH,*ST大药,20160219,
603963.SH,*ST大药,20160218,
603963.SH,*ST大药,20160217,
603963.SH,*ST大药,20160216,
603963.SH,*ST大药,20160215,
603963.SH,*ST大药,20160214,
603963.SH,*ST大药,20160213,
603963.SH,*ST大药,20160212,
603963.SH,*ST大药,20160211,
603963.SH,*ST大药,20160210,
603963.SH,*ST大药,20160209,
603963.SH,*ST大药,20160208,
603963.SH,*ST大药,20160207,
603963.SH,*ST大药,20160206,
603963.SH,*ST大药,20160205,
603963.SH,*ST大药,20160204,
603963.SH,*ST大药,20160203,
603963.SH,*ST大药,20160202,
603963.SH,*ST大药,20160201,
603963.SH,*ST大药,20160131,
603963.SH,*ST大药,20160130,
603963.SH,*ST大药,20160129,
603963.SH,*ST大药,20160128,
603963.SH,*ST大药,20160127,
603963.SH,*ST大药,20160126,
603963.SH,*ST大药,20160125,
603963.SH,*ST大药,20160124,
603963.SH,*ST大药,20160123,
603963.SH,*ST大药,20160122,
603963.SH,*ST大药,20160121,
603963.SH,*ST大药,20160120,
603963.SH,*ST大药,20160119,
603963.SH,*ST大药,20160118,
603963.SH,*ST大药,20160117,
603963.SH,*ST大药,20160116,
603963.SH,*ST大药,20160115,
603963.SH,*ST大药,20160114,
603963.SH,*ST大药,20160113,
603963.SH,*ST大药,20160112,
603963.SH,*ST大药,20160111,
603963.SH,*ST大药,20160110,
603963.SH,*ST大药,20160109,
603963.SH,*ST大药,20160108,
603963.SH,*ST大药,20160107,
603963.SH,*ST大药,20160106,
603963.SH,*ST大药,20160105,
603963.SH,*ST大药,20160104,
603963.SH,*ST大药,20160103,
603963.SH,*ST大药,20160102,
603963.SH,*ST大药,20160101,
603963.SH,*ST大药,20151231,
603963.SH,*ST大药,20151230,
603963.SH,*ST大药,20151229,
603963.SH,*ST大药,20151228,
603963.SH,*ST大药,20151227,
603963.SH,*ST大药,20151226,
603963.SH,*ST大药,20151225,
603963.SH,*ST大药,20151224,
603963.SH,*ST大药,20151223,
603963.SH,*ST大药,20151222,
603963.SH,*ST大药,20151221,
603963.SH,*ST大药,20151220,
603963.SH,*ST大药,20151219,
603963.SH,*ST大药,20151218,
603963.SH,*ST大药,20151217,
603963.SH,*ST大药,20151216,
603963.SH,*ST大药,20151215,
603963.SH,*ST大药,20151214,
603963.SH,*ST大药,20151213,
603963.SH,*ST大药,20151212,
603963.SH,*ST大药,20151211,
603963.SH,*ST大药,20151210,
603963.SH,*ST大药,20151209,
603963.SH,*ST大药,20151208,
603963.SH,*ST大药,20151207,
603963.SH,*ST大药,20151206,
603963.SH,*ST大药,20151205,
603963.SH,*ST大药,20151204,
603963.SH,*ST大药,20151203,
603963.SH,*ST大药,20151202,
603963.SH,*ST大药,20151201,
603963.SH,*ST大药,20151130,
603963.SH,*ST大药,20151129,
603963.SH,*ST大药,20151128,
603963.SH,*ST大药,20151127,
603963.SH,*ST大药,20151126,
603963.SH,*ST大药,20151125,
603963.SH,*ST大药,20151124,
603963.SH,*ST大药,20151123,
603963.SH,*ST大药,20151122,
603963.SH,*ST大药,20151121,
603963.SH,*ST大药,20151120,
603963.SH,*ST大药,20151119,
603963.SH,*ST大药,20151118,
603963.SH,*ST大药,20151117,
603963.SH,*ST大药,20151116,
603963.SH,*ST大药,20151115,
603963.SH,*ST大药,20151114,
603963.SH,*ST大药,20151113,
603963.SH,*ST大药,20151112,
603963.SH,*ST大药,20151111,
603963.SH,*ST大药,20151110,
603963.SH,*ST大药,20151109,
603963.SH,*ST大药,20151108,
603963.SH,*ST大药,20151107,
603963.SH,*ST大药,20151106,
603963.SH,*ST大药,20151105,
603963.SH,*ST大药,20151104,
603963.SH,*ST大药,20151103,
603963.SH,*ST大药,20151102,
603963.SH,*ST大药,20151101,
603963.SH,*ST大药,20151031,
603963.SH,*ST大药,20151030,
603963.SH,*ST大药,20151029,
603963.SH,*ST大药,20151028,
603963.SH,*ST大药,20151027,
603963.SH,*ST大药,20151026,
603963.SH,*ST大药,20151025,
603963.SH,*ST大药,20151024,
603963.SH,*ST大药,20151023,
603963.SH,*ST大药,20151022,
603963.SH,*ST大药,20151021,
603963.SH,*ST大药,20151020,
603963.SH,*ST大药,20151019,
603963.SH,*ST大药,20151018,
603963.SH,*ST大药,20151017,
603963.SH,*ST大药,20151016,
603963.SH,*ST大药,20151015,
603963.SH,*ST大药,20151014,
603963.SH,*ST大药,20151013,
603963.SH,*ST大药,20151012,
603963.SH,*ST大药,20151011,
603963.SH,*ST大药,20151010,
603963.SH,*ST大药,20151009,
603963.SH,*ST大药,20151008,
603963.SH,*ST大药,20151007,
603963.SH,*ST大药,20151006,
603963.SH,*ST大药,20151005,
603963.SH,*ST大药,20151004,
603963.SH,*ST大药,20151003,
603963.SH,*ST大药,20151002,
603963.SH,*ST大药,20151001,
603963.SH,*ST大药,20150930,
603963.SH,*ST大药,20150929,
603963.SH,*ST大药,20150928,
603963.SH,*ST大药,20150927,
603963.SH,*ST大药,20150926,
603963.SH,*ST大药,20150925,
603963.SH,*ST大药,20150924,
603963.SH,*ST大药,20150923,
603963.SH,*ST大药,20150922,
603963.SH,*ST大药,20150921,
603963.SH,*ST大药,20150920,
603963.SH,*ST大药,20150919,
603963.SH,*ST大药,20150918,
603963.SH,*ST大药,20150917,
603963.SH,*ST大药,20150916,
603963.SH,*ST大药,20150915,
603963.SH,*ST大药,20150914,
603963.SH,*ST大药,20150913,
603963.SH,*ST大药,20150912,
603963.SH,*ST大药,20150911,
603963.SH,*ST大药,20150910,
603963.SH,*ST大药,20150909,
603963.SH,*ST大药,20150908,
603963.SH,*ST大药,20150907,
603963.SH,*ST大药,20150906,
603963.SH,*ST大药,20150905,
603963.SH,*ST大药,20150904,
603963.SH,*ST大药,20150903,
603963.SH,*ST大药,20150902,
603963.SH,*ST大药,20150901,
603963.SH,*ST大药,20150831,
603963.SH,*ST大药,20150830,
603963.SH,*ST大药,20150829,
603963.SH,*ST大药,20150828,
603963.SH,*ST大药,20150827,
603963.SH,*ST大药,20150826,
603963.SH,*ST大药,20150825,
603963.SH,*ST大药,20150824,
603963.SH,*ST大药,20150823,
603963.SH,*ST大药,20150822,
603963.SH,*ST大药,20150821,
603963.SH,*ST大药,20150820,
603963.SH,*ST大药,20150819,
603963.SH,*ST大药,20150818,
603963.SH,*ST大药,20150817,
603963.SH,*ST大药,20150816,
603963.SH,*ST大药,20150815,
603963.SH,*ST大药,20150814,
603963.SH,*ST大药,20150813,
603963.SH,*ST大药,20150812,
603963.SH,*ST大药,20150811,
603963.SH,*ST大药,20150810,
603963.SH,*ST大药,20150809,
603963.SH,*ST大药,20150808,
603963.SH,*ST大药,20150807,
603963.SH,*ST大药,20150806,
603963.SH,*ST大药,20150805,
603963.SH,*ST大药,20150804,
603963.SH,*ST大药,20150803,
603963.SH,*ST大药,20150802,
603963.SH,*ST大药,20150801,
603963.SH,*ST大药,20150731,
603963.SH,*ST大药,20150730,
603963.SH,*ST大药,20150729,
603963.SH,*ST大药,20150728,
603963.SH,*ST大药,20150727,
603963.SH,*ST大药,20150726,
603963.SH,*ST大药,20150725,
603963.SH,*ST大药,20150724,
603963.SH,*ST大药,20150723,
603963.SH,*ST大药,20150722,
603963.SH,*ST大药,20150721,
603963.SH,*ST大药,20150720,
603963.SH,*ST大药,20150719,
603963.SH,*ST大药,20150718,
603963.SH,*ST大药,20150717,
603963.SH,*ST大药,20150716,
603963.SH,*ST大药,20150715,
603963.SH,*ST大药,20150714,
603963.SH,*ST大药,20150713,
603963.SH,*ST大药,20150712,
603963.SH,*ST大药,20150711,
603963.SH,*ST大药,20150710,
603963.SH,*ST大药,20150709,
603963.SH,*ST大药,20150708,
603963.SH,*ST大药,20150707,
603963.SH,*ST大药,20150706,
603963.SH,*ST大药,20150705,
603963.SH,*ST大药,20150704,
603963.SH,*ST大药,20150703,
603963.SH,*ST大药,20150702,
603963.SH,*ST大药,20150701,
603963.SH,*ST大药,20150630,
603963.SH,*ST大药,20150629,
603963.SH,*ST大药,20150628,
603963.SH,*ST大药,20150627,
603963.SH,*ST大药,20150626,
603963.SH,*ST大药,20150625,
603963.SH,*ST大药,20150624,
603963.SH,*ST大药,20150623,
603963.SH,*ST大药,20150622,
603963.SH,*ST大药,20150621,
603963.SH,*ST大药,20150620,
603963.SH,*ST大药,20150619,
603963.SH,*ST大药,20150618,
603963.SH,*ST大药,20150617,
603963.SH,*ST大药,20150616,
603963.SH,*ST大药,20150615,
603963.SH,*ST大药,20150614,
603963.SH,*ST大药,20150613,
603963.SH,*ST大药,20150612,
603963.SH,*ST大药,20150611,
603963.SH,*ST大药,20150610,
603963.SH,*ST大药,20150609,
603963.SH,*ST大药,20150608,
603963.SH,*ST大药,20150607,
603963.SH,*ST大药,20150606,
603963.SH,*ST大药,20150605,
603963.SH,*ST大药,20150604,
603963.SH,*ST大药,20150603,
603963.SH,*ST大药,20150602,
603963.SH,*ST大药,20150601,
603963.SH,*ST大药,20150531,
603963.SH,*ST大药,20150530,
603963.SH,*ST大药,20150529,
603963.SH,*ST大药,20150528,
603963.SH,*ST大药,20150527,
603963.SH,*ST大药,20150526,
603963.SH,*ST大药,20150525,
603963.SH,*ST大药,20150524,
603963.SH,*ST大药,20150523,
603963.SH,*ST大药,20150522,
603963.SH,*ST大药,20150521,
603963.SH,*ST大药,20150520,
603963.SH,*ST大药,20150519,
603963.SH,*ST大药,20150518,
603963.SH,*ST大药,20150517,
603963.SH,*ST大药,20150516,
603963.SH,*ST大药,20150515,
603963.SH,*ST大药,20150514,
603963.SH,*ST大药,20150513,
603963.SH,*ST大药,20150512,
603963.SH,*ST大药,20150511,
603963.SH,*ST大药,20150510,
603963.SH,*ST大药,20150509,
603963.SH,*ST大药,20150508,
603963.SH,*ST大药,20150507,
603963.SH,*ST大药,20150506,
603963.SH,*ST大药,20150505,
603963.SH,*ST大药,20150504,
603963.SH,*ST大药,20150503,
603963.SH,*ST大药,20150502,
603963.SH,*ST大药,20150501,
603963.SH,*ST大药,20150430,
603963.SH,*ST大药,20150429,
603963.SH,*ST大药,20150428,
603963.SH,*ST大药,20150427,
603963.SH,*ST大药,20150426,
603963.SH,*ST大药,20150425,
603963.SH,*ST大药,20150424,
603963.SH,*ST大药,20150423,
603963.SH,*ST大药,20150422,
603963.SH,*ST大药,20150421,
603963.SH,*ST大药,20150420,
603963.SH,*ST大药,20150419,
603963.SH,*ST大药,20150418,
603963.SH,*ST大药,20150417,
603963.SH,*ST大药,20150416,
603963.SH,*ST大药,20150415,
603963.SH,*ST大药,20150414,
603963.SH,*ST大药,20150413,
603963.SH,*ST大药,20150412,
603963.SH,*ST大药,20150411,
603963.SH,*ST大药,20150410,
603963.SH,*ST大药,20150409,
603963.SH,*ST大药,20150408,
603963.SH,*ST大药,20150407,
603963.SH,*ST大药,20150406,
603963.SH,*ST大药,20150405,
603963.SH,*ST大药,20150404,
603963.SH,*ST大药,20150403,
603963.SH,*ST大药,20150402,
603963.SH,*ST大药,20150401,
603963.SH,*ST大药,20150331,
603963.SH,*ST大药,20150330,
603963.SH,*ST大药,20150329,
603963.SH,*ST大药,20150328,
603963.SH,*ST大药,20150327,
603963.SH,*ST大药,20150326,
603963.SH,*ST大药,20150325,
603963.SH,*ST大药,20150324,
603963.SH,*ST大药,20150323,
603963.SH,*ST大药,20150322,
603963.SH,*ST大药,20150321,
603963.SH,*ST大药,20150320,
603963.SH,*ST大药,20150319,
603963.SH,*ST大药,20150318,
603963.SH,*ST大药,20150317,
603963.SH,*ST大药,20150316,
603963.SH,*ST大药,20150315,
603963.SH,*ST大药,20150314,
603963.SH,*ST大药,20150313,
603963.SH,*ST大药,20150312,
603963.SH,*ST大药,20150311,
603963.SH,*ST大药,20150310,
603963.SH,*ST大药,20150309,
603963.SH,*ST大药,20150308,
603963.SH,*ST大药,20150307,
603963.SH,*ST大药,20150306,
603963.SH,*ST大药,20150305,
603963.SH,*ST大药,20150304,
603963.SH,*ST大药,20150303,
603963.SH,*ST大药,20150302,
603963.SH,*ST大药,20150301,
603963.SH,*ST大药,20150228,
603963.SH,*ST大药,20150227,
603963.SH,*ST大药,20150226,
603963.SH,*ST大药,20150225,
603963.SH,*ST大药,20150224,
603963.SH,*ST大药,20150223,
603963.SH,*ST大药,20150222,
603963.SH,*ST大药,20150221,
603963.SH,*ST大药,20150220,
603963.SH,*ST大药,20150219,
603963.SH,*ST大药,20150218,
603963.SH,*ST大药,20150217,
603963.SH,*ST大药,20150216,
603963.SH,*ST大药,20150215,
603963.SH,*ST大药,20150214,
603963.SH,*ST大药,20150213,
603963.SH,*ST大药,20150212,
603963.SH,*ST大药,20150211,
603963.SH,*ST大药,20150210,
603963.SH,*ST大药,20150209,
603963.SH,*ST大药,20150208,
603963.SH,*ST大药,20150207,
603963.SH,*ST大药,20150206,
603963.SH,*ST大药,20150205,
603963.SH,*ST大药,20150204,
603963.SH,*ST大药,20150203,
603963.SH,*ST大药,20150202,
603963.SH,*ST大药,20150201,
603963.SH,*ST大药,20150131,
603963.SH,*ST大药,20150130,
603963.SH,*ST大药,20150129,
603963.SH,*ST大药,20150128,
603963.SH,*ST大药,20150127,
603963.SH,*ST大药,20150126,
603963.SH,*ST大药,20150125,
603963.SH,*ST大药,20150124,
603963.SH,*ST大药,20150123,
603963.SH,*ST大药,20150122,
603963.SH,*ST大药,20150121,
603963.SH,*ST大药,20150120,
603963.SH,*ST大药,20150119,
603963.SH,*ST大药,20150118,
603963.SH,*ST大药,20150117,
603963.SH,*ST大药,20150116,
603963.SH,*ST大药,20150115,
603963.SH,*ST大药,20150114,
603963.SH,*ST大药,20150113,
603963.SH,*ST大药,20150112,
603963.SH,*ST大药,20150111,
603963.SH,*ST大药,20150110,
603963.SH,*ST大药,20150109,
603963.SH,*ST大药,20150108,
603963.SH,*ST大药,20150107,
603963.SH,*ST大药,20150106,
603963.SH,*ST大药,20150105,
603963.SH,*ST大药,20150104,
603963.SH,*ST大药,20150103,
603963.SH,*ST大药,20150102,
603963.SH,*ST大药,20150101,
603963.SH,*ST大药,20141231,
603963.SH,*ST大药,20141230,
603963.SH,*ST大药,20141229,
603963.SH,*ST大药,20141228,
603963.SH,*ST大药,20141227,
603963.SH,*ST大药,20141226,
603963.SH,*ST大药,20141225,
603963.SH,*ST大药,20141224,
603963.SH,*ST大药,20141223,
603963.SH,*ST大药,20141222,
603963.SH,*ST大药,20141221,
603963.SH,*ST大药,20141220,
603963.SH,*ST大药,20141219,
603963.SH,*ST大药,20141218,
603963.SH,*ST大药,20141217,
603963.SH,*ST大药,20141216,
603963.SH,*ST大药,20141215,
603963.SH,*ST大药,20141214,
603963.SH,*ST大药,20141213,
603963.SH,*ST大药,20141212,
603963.SH,*ST大药,20141211,
603963.SH,*ST大药,20141210,
603963.SH,*ST大药,20141209,
603963.SH,*ST大药,20141208,
603963.SH,*ST大药,20141207,
603963.SH,*ST大药,20141206,
603963.SH,*ST大药,20141205,
603963.SH,*ST大药,20141204,
603963.SH,*ST大药,20141203,
603963.SH,*ST大药,20141202,
603963.SH,*ST大药,20141201,
603963.SH,*ST大药,20141130,
603963.SH,*ST大药,20141129,
603963.SH,*ST大药,20141128,
603963.SH,*ST大药,20141127,
603963.SH,*ST大药,20141126,
603963.SH,*ST大药,20141125,
603963.SH,*ST大药,20141124,
603963.SH,*ST大药,20141123,
603963.SH,*ST大药,20141122,
603963.SH,*ST大药,20141121,
603963.SH,*ST大药,20141120,
603963.SH,*ST大药,20141119,
603963.SH,*ST大药,20141118,
603963.SH,*ST大药,20141117,
603963.SH,*ST大药,20141116,
603963.SH,*ST大药,20141115,
603963.SH,*ST大药,20141114,
603963.SH,*ST大药,20141113,
603963.SH,*ST大药,20141112,
603963.SH,*ST大药,20141111,
603963.SH,*ST大药,20141110,
603963.SH,*ST大药,20141109,
603963.SH,*ST大药,20141108,
603963.SH,*ST大药,20141107,
603963.SH,*ST大药,20141106,
603963.SH,*ST大药,20141105,
603963.SH,*ST大药,20141104,
603963.SH,*ST大药,20141103,
603963.SH,*ST大药,20141102,
603963.SH,*ST大药,20141101,
603963.SH,*ST大药,20141031,
603963.SH,*ST大药,20141030,
603963.SH,*ST大药,20141029,
603963.SH,*ST大药,20141028,
603963.SH,*ST大药,20141027,
603963.SH,*ST大药,20141026,
603963.SH,*ST大药,20141025,
603963.SH,*ST大药,20141024,
603963.SH,*ST大药,20141023,
603963.SH,*ST大药,20141022,
603963.SH,*ST大药,20141021,
603963.SH,*ST大药,20141020,
603963.SH,*ST大药,20141019,
603963.SH,*ST大药,20141018,
603963.SH,*ST大药,20141017,
603963.SH,*ST大药,20141016,
603963.SH,*ST大药,20141015,
603963.SH,*ST大药,20141014,
603963.SH,*ST大药,20141013,
603963.SH,*ST大药,20141012,
603963.SH,*ST大药,20141011,
603963.SH,*ST大药,20141010,
603963.SH,*ST大药,20141009,
603963.SH,*ST大药,20141008,
603963.SH,*ST大药,20141007,
603963.SH,*ST大药,20141006,
603963.SH,*ST大药,20141005,
603963.SH,*ST大药,20141004,
603963.SH,*ST大药,20141003,
603963.SH,*ST大药,20141002,
603963.SH,*ST大药,20141001,
603963.SH,*ST大药,20140930,
603963.SH,*ST大药,20140929,
603963.SH,*ST大药,20140928,
603963.SH,*ST大药,20140927,
603963.SH,*ST大药,20140926,
603963.SH,*ST大药,20140925,
603963.SH,*ST大药,20140924,
603963.SH,*ST大药,20140923,
603963.SH,*ST大药,20140922,
603963.SH,*ST大药,20140921,
603963.SH,*ST大药,20140920,
603963.SH,*ST大药,20140919,
603963.SH,*ST大药,20140918,
603963.SH,*ST大药,20140917,
603963.SH,*ST大药,20140916,
603963.SH,*ST大药,20140915,
603963.SH,*ST大药,20140914,
603963.SH,*ST大药,20140913,
603963.SH,*ST大药,20140912,
603963.SH,*ST大药,20140911,
603963.SH,*ST大药,20140910,
603963.SH,*ST大药,20140909,
603963.SH,*ST大药,20140908,
603963.SH,*ST大药,20140907,
603963.SH,*ST大药,20140906,
603963.SH,*ST大药,20140905,
603963.SH,*ST大药,20140904,
603963.SH,*ST大药,20140903,
603963.SH,*ST大药,20140902,
603963.SH,*ST大药,20140901,
603963.SH,*ST大药,20140831,
603963.SH,*ST大药,20140830,
603963.SH,*ST大药,20140829,
603963.SH,*ST大药,20140828,
603963.SH,*ST大药,20140827,
603963.SH,*ST大药,20140826,
603963.SH,*ST大药,20140825,
603963.SH,*ST大药,20140824,
603963.SH,*ST大药,20140823,
603963.SH,*ST大药,20140822,
603963.SH,*ST大药,20140821,
603963.SH,*ST大药,20140820,
603963.SH,*ST大药,20140819,
603963.SH,*ST大药,20140818,
603963.SH,*ST大药,20140817,
603963.SH,*ST大药,20140816,
603963.SH,*ST大药,20140815,
603963.SH,*ST大药,20140814,
603963.SH,*ST大药,20140813,
603963.SH,*ST大药,20140812,
603963.SH,*ST大药,20140811,
603963.SH,*ST大药,20140810,
603963.SH,*ST大药,20140809,
603963.SH,*ST大药,20140808,
603963.SH,*ST大药,20140807,
603963.SH,*ST大药,20140806,
603963.SH,*ST大药,20140805,
603963.SH,*ST大药,20140804,
603963.SH,*ST大药,20140803,
603963.SH,*ST大药,20140802,
603963.SH,*ST大药,20140801,
603963.SH,*ST大药,20140731,
603963.SH,*ST大药,20140730,
603963.SH,*ST大药,20140729,
603963.SH,*ST大药,20140728,
603963.SH,*ST大药,20140727,
603963.SH,*ST大药,20140726,
603963.SH,*ST大药,20140725,
603963.SH,*ST大药,20140724,
603963.SH,*ST大药,20140723,
603963.SH,*ST大药,20140722,
603963.SH,*ST大药,20140721,
603963.SH,*ST大药,20140720,
603963.SH,*ST大药,20140719,
603963.SH,*ST大药,20140718,
603963.SH,*ST大药,20140717,
603963.SH,*ST大药,20140716,
603963.SH,*ST大药,20140715,
603963.SH,*ST大药,20140714,
603963.SH,*ST大药,20140713,
603963.SH,*ST大药,20140712,
603963.SH,*ST大药,20140711,
603963.SH,*ST大药,20140710,
603963.SH,*ST大药,20140709,
603963.SH,*ST大药,20140708,
603963.SH,*ST大药,20140707,
603963.SH,*ST大药,20140706,
603963.SH,*ST大药,20140705,
603963.SH,*ST大药,20140704,
603963.SH,*ST大药,20140703,
603963.SH,*ST大药,20140702,
603963.SH,*ST大药,20140701,
603963.SH,*ST大药,20140630,
603963.SH,*ST大药,20140629,
603963.SH,*ST大药,20140628,
603963.SH,*ST大药,20140627,
603963.SH,*ST大药,20140626,
603963.SH,*ST大药,20140625,
603963.SH,*ST大药,20140624,
603963.SH,*ST大药,20140623,
603963.SH,*ST大药,20140622,
603963.SH,*ST大药,20140621,
603963.SH,*ST大药,20140620,
603963.SH,*ST大药,20140619,
603963.SH,*ST大药,20140618,
603963.SH,*ST大药,20140617,
603963.SH,*ST大药,20140616,
603963.SH,*ST大药,20140615,
603963.SH,*ST大药,20140614,
603963.SH,*ST大药,20140613,
603963.SH,*ST大药,20140612,
603963.SH,*ST大药,20140611,
603963.SH,*ST大药,20140610,
603963.SH,*ST大药,20140609,
603963.SH,*ST大药,20140608,
603963.SH,*ST大药,20140607,
603963.SH,*ST大药,20140606,
603963.SH,*ST大药,20140605,
603963.SH,*ST大药,20140604,
603963.SH,*ST大药,20140603,
603963.SH,*ST大药,20140602,
603963.SH,*ST大药,20140601,
603963.SH,*ST大药,20140531,
603963.SH,*ST大药,20140530,
603963.SH,*ST大药,20140529,
603963.SH,*ST大药,20140528,
603963.SH,*ST大药,20140527,
603963.SH,*ST大药,20140526,
603963.SH,*ST大药,20140525,
603963.SH,*ST大药,20140524,
603963.SH,*ST大药,20140523,
603963.SH,*ST大药,20140522,
603963.SH,*ST大药,20140521,
603963.SH,*ST大药,20140520,
603963.SH,*ST大药,20140519,
603963.SH,*ST大药,20140518,
603963.SH,*ST大药,20140517,
603963.SH,*ST大药,20140516,
603963.SH,*ST大药,20140515,
603963.SH,*ST大药,20140514,
603963.SH,*ST大药,20140513,
603963.SH,*ST大药,20140512,
603963.SH,*ST大药,20140511,
603963.SH,*ST大药,20140510,
603963.SH,*ST大药,20140509,
603963.SH,*ST大药,20140508,
603963.SH,*ST大药,20140507,
603963.SH,*ST大药,20140506,
603963.SH,*ST大药,20140505,
603963.SH,*ST大药,20140504,
603963.SH,*ST大药,20140503,
603963.SH,*ST大药,20140502,
603963.SH,*ST大药,20140501,
603963.SH,*ST大药,20140430,
603963.SH,*ST大药,20140429,
603963.SH,*ST大药,20140428,
603963.SH,*ST大药,20140427,
603963.SH,*ST大药,20140426,
603963.SH,*ST大药,20140425,
603963.SH,*ST大药,20140424,
603963.SH,*ST大药,20140423,
603963.SH,*ST大药,20140422,
603963.SH,*ST大药,20140421,
603963.SH,*ST大药,20140420,
603963.SH,*ST大药,20140419,
603963.SH,*ST大药,20140418,
603963.SH,*ST大药,20140417,
603963.SH,*ST大药,20140416,
603963.SH,*ST大药,20140415,
603963.SH,*ST大药,20140414,
603963.SH,*ST大药,20140413,
603963.SH,*ST大药,20140412,
603963.SH,*ST大药,20140411,
603963.SH,*ST大药,20140410,
603963.SH,*ST大药,20140409,
603963.SH,*ST大药,20140408,
603963.SH,*ST大药,20140407,
603963.SH,*ST大药,20140406,
603963.SH,*ST大药,20140405,
603963.SH,*ST大药,20140404,
603963.SH,*ST大药,20140403,
603963.SH,*ST大药,20140402,
603963.SH,*ST大药,20140401,
603963.SH,*ST大药,20140331,
603963.SH,*ST大药,20140330,
603963.SH,*ST大药,20140329,
603963.SH,*ST大药,20140328,
603963.SH,*ST大药,20140327,
603963.SH,*ST大药,20140326,
603963.SH,*ST大药,20140325,
603963.SH,*ST大药,20140324,
603963.SH,*ST大药,20140323,
603963.SH,*ST大药,20140322,
603963.SH,*ST大药,20140321,
603963.SH,*ST大药,20140320,
603963.SH,*ST大药,20140319,
603963.SH,*ST大药,20140318,
603963.SH,*ST大药,20140317,
603963.SH,*ST大药,20140316,
603963.SH,*ST大药,20140315,
603963.SH,*ST大药,20140314,
603963.SH,*ST大药,20140313,
603963.SH,*ST大药,20140312,
603963.SH,*ST大药,20140311,
603963.SH,*ST大药,20140310,
603963.SH,*ST大药,20140309,
603963.SH,*ST大药,20140308,
603963.SH,*ST大药,20140307,
603963.SH,*ST大药,20140306,
603963.SH,*ST大药,20140305,
603963.SH,*ST大药,20140304,
603963.SH,*ST大药,20140303,
603963.SH,*ST大药,20140302,
603963.SH,*ST大药,20140301,
603963.SH,*ST大药,20140228,
603963.SH,*ST大药,20140227,
603963.SH,*ST大药,20140226,
603963.SH,*ST大药,20140225,
603963.SH,*ST大药,20140224,
603963.SH,*ST大药,20140223,
603963.SH,*ST大药,20140222,
603963.SH,*ST大药,20140221,
603963.SH,*ST大药,20140220,
603963.SH,*ST大药,20140219,
603963.SH,*ST大药,20140218,
603963.SH,*ST大药,20140217,
603963.SH,*ST大药,20140216,
603963.SH,*ST大药,20140215,
603963.SH,*ST大药,20140214,
603963.SH,*ST大药,20140213,
603963.SH,*ST大药,20140212,
603963.SH,*ST大药,20140211,
603963.SH,*ST大药,20140210,
603963.SH,*ST大药,20140209,
603963.SH,*ST大药,20140208,
603963.SH,*ST大药,20140207,
603963.SH,*ST大药,20140206,
603963.SH,*ST大药,20140205,
603963.SH,*ST大药,20140204,
603963.SH,*ST大药,20140203,
603963.SH,*ST大药,20140202,
603963.SH,*ST大药,20140201,
603963.SH,*ST大药,20140131,
603963.SH,*ST大药,20140130,
603963.SH,*ST大药,20140129,
603963.SH,*ST大药,20140128,
603963.SH,*ST大药,20140127,
603963.SH,*ST大药,20140126,
603963.SH,*ST大药,20140125,
603963.SH,*ST大药,20140124,
603963.SH,*ST大药,20140123,
603963.SH,*ST大药,20140122,
603963.SH,*ST大药,20140121,
603963.SH,*ST大药,20140120,
603963.SH,*ST大药,20140119,
603963.SH,*ST大药,20140118,
603963.SH,*ST大药,20140117,
603963.SH,*ST大药,20140116,
603963.SH,*ST大药,20140115,
603963.SH,*ST大药,20140114,
603963.SH,*ST大药,20140113,
603963.SH,*ST大药,20140112,
603963.SH,*ST大药,20140111,
603963.SH,*ST大药,20140110,
603963.SH,*ST大药,20140109,
603963.SH,*ST大药,20140108,
603963.SH,*ST大药,20140107,
603963.SH,*ST大药,20140106,
603963.SH,*ST大药,20140105,
603963.SH,*ST大药,20140104,
603963.SH,*ST大药,20140103,
603963.SH,*ST大药,20140102,
603963.SH,*ST大药,20140101,
603963.SH,*ST大药,20131231,
603963.SH,*ST大药,20131230,
603963.SH,*ST大药,20131229,
603963.SH,*ST大药,20131228,
603963.SH,*ST大药,20131227,
603963.SH,*ST大药,20131226,
603963.SH,*ST大药,20131225,
603963.SH,*ST大药,20131224,
603963.SH,*ST大药,20131223,
603963.SH,*ST大药,20131222,
603963.SH,*ST大药,20131221,
603963.SH,*ST大药,20131220,
603963.SH,*ST大药,20131219,
603963.SH,*ST大药,20131218,
603963.SH,*ST大药,20131217,
603963.SH,*ST大药,20131216,
603963.SH,*ST大药,20131215,
603963.SH,*ST大药,20131214,
603963.SH,*ST大药,20131213,
603963.SH,*ST大药,20131212,
603963.SH,*ST大药,20131211,
603963.SH,*ST大药,20131210,
603963.SH,*ST大药,20131209,
603963.SH,*ST大药,20131208,
603963.SH,*ST大药,20131207,
603963.SH,*ST大药,20131206,
603963.SH,*ST大药,20131205,
603963.SH,*ST大药,20131204,
603963.SH,*ST大药,20131203,
603963.SH,*ST大药,20131202,
603963.SH,*ST大药,20131201,
603963.SH,*ST大药,20131130,
603963.SH,*ST大药,20131129,
603963.SH,*ST大药,20131128,
603963.SH,*ST大药,20131127,
603963.SH,*ST大药,20131126,
603963.SH,*ST大药,20131125,
603963.SH,*ST大药,20131124,
603963.SH,*ST大药,20131123,
603963.SH,*ST大药,20131122,
603963.SH,*ST大药,20131121,
603963.SH,*ST大药,20131120,
603963.SH,*ST大药,20131119,
603963.SH,*ST大药,20131118,
603963.SH,*ST大药,20131117,
603963.SH,*ST大药,20131116,
603963.SH,*ST大药,20131115,
603963.SH,*ST大药,20131114,
603963.SH,*ST大药,20131113,
603963.SH,*ST大药,20131112,
603963.SH,*ST大药,20131111,
603963.SH,*ST大药,20131110,
603963.SH,*ST大药,20131109,
603963.SH,*ST大药,20131108,
603963.SH,*ST大药,20131107,
603963.SH,*ST大药,20131106,
603963.SH,*ST大药,20131105,
603963.SH,*ST大药,20131104,
603963.SH,*ST大药,20131103,
603963.SH,*ST大药,20131102,
603963.SH,*ST大药,20131101,
603963.SH,*ST大药,20131031,
603963.SH,*ST大药,20131030,
603963.SH,*ST大药,20131029,
603963.SH,*ST大药,20131028,
603963.SH,*ST大药,20131027,
603963.SH,*ST大药,20131026,
603963.SH,*ST大药,20131025,
603963.SH,*ST大药,20131024,
603963.SH,*ST大药,20131023,
603963.SH,*ST大药,20131022,
603963.SH,*ST大药,20131021,
603963.SH,*ST大药,20131020,
603963.SH,*ST大药,20131019,
603963.SH,*ST大药,20131018,
603963.SH,*ST大药,20131017,
603963.SH,*ST大药,20131016,
603963.SH,*ST大药,20131015,
603963.SH,*ST大药,20131014,
603963.SH,*ST大药,20131013,
603963.SH,*ST大药,20131012,
603963.SH,*ST大药,20131011,
603963.SH,*ST大药,20131010,
603963.SH,*ST大药,20131009,
603963.SH,*ST大药,20131008,
603963.SH,*ST大药,20131007,
603963.SH,*ST大药,20131006,
603963.SH,*ST大药,20131005,
603963.SH,*ST大药,20131004,
603963.SH,*ST大药,20131003,
603963.SH,*ST大药,20131002,
603963.SH,*ST大药,20131001,
603963.SH,*ST大药,20130930,
603963.SH,*ST大药,20130929,
603963.SH,*ST大药,20130928,
603963.SH,*ST大药,20130927,
603963.SH,*ST大药,20130926,
603963.SH,*ST大药,20130925,
603963.SH,*ST大药,20130924,
603963.SH,*ST大药,20130923,
603963.SH,*ST大药,20130922,
603963.SH,*ST大药,20130921,
603963.SH,*ST大药,20130920,
603963.SH,*ST大药,20130919,
603963.SH,*ST大药,20130918,
603963.SH,*ST大药,20130917,
603963.SH,*ST大药,20130916,
603963.SH,*ST大药,20130915,
603963.SH,*ST大药,20130914,
603963.SH,*ST大药,20130913,
603963.SH,*ST大药,20130912,
603963.SH,*ST大药,20130911,
603963.SH,*ST大药,20130910,
603963.SH,*ST大药,20130909,
603963.SH,*ST大药,20130908,
603963.SH,*ST大药,20130907,
603963.SH,*ST大药,20130906,
603963.SH,*ST大药,20130905,
603963.SH,*ST大药,20130904,
603963.SH,*ST大药,20130903,
603963.SH,*ST大药,20130902,
603963.SH,*ST大药,20130901,
603963.SH,*ST大药,20130831,
603963.SH,*ST大药,20130830,
603963.SH,*ST大药,20130829,
603963.SH,*ST大药,20130828,
603963.SH,*ST大药,20130827,
603963.SH,*ST大药,20130826,
603963.SH,*ST大药,20130825,
603963.SH,*ST大药,20130824,
603963.SH,*ST大药,20130823,
603963.SH,*ST大药,20130822,
603963.SH,*ST大药,20130821,
603963.SH,*ST大药,20130820,
603963.SH,*ST大药,20130819,
603963.SH,*ST大药,20130818,
603963.SH,*ST大药,20130817,
603963.SH,*ST大药,20130816,
603963.SH,*ST大药,20130815,
603963.SH,*ST大药,20130814,
603963.SH,*ST大药,20130813,
603963.SH,*ST大药,20130812,
603963.SH,*ST大药,20130811,
603963.SH,*ST大药,20130810,
603963.SH,*ST大药,20130809,
603963.SH,*ST大药,20130808,
603963.SH,*ST大药,20130807,
603963.SH,*ST大药,20130806,
603963.SH,*ST大药,20130805,
603963.SH,*ST大药,20130804,
603963.SH,*ST大药,20130803,
603963.SH,*ST大药,20130802,
603963.SH,*ST大药,20130801,
603963.SH,*ST大药,20130731,
603963.SH,*ST大药,20130730,
603963.SH,*ST大药,20130729,
603963.SH,*ST大药,20130728,
603963.SH,*ST大药,20130727,
603963.SH,*ST大药,20130726,
603963.SH,*ST大药,20130725,
603963.SH,*ST大药,20130724,
603963.SH,*ST大药,20130723,
603963.SH,*ST大药,20130722,
603963.SH,*ST大药,20130721,
603963.SH,*ST大药,20130720,
603963.SH,*ST大药,20130719,
603963.SH,*ST大药,20130718,
603963.SH,*ST大药,20130717,
603963.SH,*ST大药,20130716,
603963.SH,*ST大药,20130715,
603963.SH,*ST大药,20130714,
603963.SH,*ST大药,20130713,
603963.SH,*ST大药,20130712,
603963.SH,*ST大药,20130711,
603963.SH,*ST大药,20130710,
603963.SH,*ST大药,20130709,
603963.SH,*ST大药,20130708,
603963.SH,*ST大药,20130707,
603963.SH,*ST大药,20130706,
603963.SH,*ST大药,20130705,
603963.SH,*ST大药,20130704,
603963.SH,*ST大药,20130703,
603963.SH,*ST大药,20130702,
603963.SH,*ST大药,20130701,
603963.SH,*ST大药,20130630,
603963.SH,*ST大药,20130629,
603963.SH,*ST大药,20130628,
603963.SH,*ST大药,20130627,
603963.SH,*ST大药,20130626,
603963.SH,*ST大药,20130625,
603963.SH,*ST大药,20130624,
603963.SH,*ST大药,20130623,
603963.SH,*ST大药,20130622,
603963.SH,*ST大药,20130621,
603963.SH,*ST大药,20130620,
603963.SH,*ST大药,20130619,
603963.SH,*ST大药,20130618,
603963.SH,*ST大药,20130617,
603963.SH,*ST大药,20130616,
603963.SH,*ST大药,20130615,
603963.SH,*ST大药,20130614,
603963.SH,*ST大药,20130613,
603963.SH,*ST大药,20130612,
603963.SH,*ST大药,20130611,
603963.SH,*ST大药,20130610,
603963.SH,*ST大药,20130609,
603963.SH,*ST大药,20130608,
603963.SH,*ST大药,20130607,
603963.SH,*ST大药,20130606,
603963.SH,*ST大药,20130605,
603963.SH,*ST大药,20130604,
603963.SH,*ST大药,20130603,
603963.SH,*ST大药,20130602,
603963.SH,*ST大药,20130601,
603963.SH,*ST大药,20130531,
603963.SH,*ST大药,20130530,
603963.SH,*ST大药,20130529,
603963.SH,*ST大药,20130528,
603963.SH,*ST大药,20130527,
603963.SH,*ST大药,20130526,
603963.SH,*ST大药,20130525,
603963.SH,*ST大药,20130524,
603963.SH,*ST大药,20130523,
603963.SH,*ST大药,20130522,
603963.SH,*ST大药,20130521,
603963.SH,*ST大药,20130520,
603963.SH,*ST大药,20130519,
603963.SH,*ST大药,20130518,
603963.SH,*ST大药,20130517,
603963.SH,*ST大药,20130516,
603963.SH,*ST大药,20130515,
603963.SH,*ST大药,20130514,
603963.SH,*ST大药,20130513,
603963.SH,*ST大药,20130512,
603963.SH,*ST大药,20130511,
603963.SH,*ST大药,20130510,
603963.SH,*ST大药,20130509,
603963.SH,*ST大药,20130508,
603963.SH,*ST大药,20130507,
603963.SH,*ST大药,20130506,
603963.SH,*ST大药,20130505,
603963.SH,*ST大药,20130504,
603963.SH,*ST大药,20130503,
603963.SH,*ST大药,20130502,
603963.SH,*ST大药,20130501,
603963.SH,*ST大药,20130430,
603963.SH,*ST大药,20130429,
603963.SH,*ST大药,20130428,
603963.SH,*ST大药,20130427,
603963.SH,*ST大药,20130426,
603963.SH,*ST大药,20130425,
603963.SH,*ST大药,20130424,
603963.SH,*ST大药,20130423,
603963.SH,*ST大药,20130422,
603963.SH,*ST大药,20130421,
603963.SH,*ST大药,20130420,
603963.SH,*ST大药,20130419,
603963.SH,*ST大药,20130418,
603963.SH,*ST大药,20130417,
603963.SH,*ST大药,20130416,
603963.SH,*ST大药,20130415,
603963.SH,*ST大药,20130414,
603963.SH,*ST大药,20130413,
603963.SH,*ST大药,20130412,
603963.SH,*ST大药,20130411,
603963.SH,*ST大药,20130410,
603963.SH,*ST大药,20130409,
603963.SH,*ST大药,20130408,
603963.SH,*ST大药,20130407,
603963.SH,*ST大药,20130406,
603963.SH,*ST大药,20130405,
603963.SH,*ST大药,20130404,
603963.SH,*ST大药,20130403,
603963.SH,*ST大药,20130402,
603963.SH,*ST大药,20130401,
603963.SH,*ST大药,20130331,
603963.SH,*ST大药,20130330,
603963.SH,*ST大药,20130329,
603963.SH,*ST大药,20130328,
603963.SH,*ST大药,20130327,
603963.SH,*ST大药,20130326,
603963.SH,*ST大药,20130325,
603963.SH,*ST大药,20130324,
603963.SH,*ST大药,20130323,
603963.SH,*ST大药,20130322,
603963.SH,*ST大药,20130321,
603963.SH,*ST大药,20130320,
603963.SH,*ST大药,20130319,
603963.SH,*ST大药,20130318,
603963.SH,*ST大药,20130317,
603963.SH,*ST大药,20130316,
603963.SH,*ST大药,20130315,
603963.SH,*ST大药,20130314,
603963.SH,*ST大药,20130313,
603963.SH,*ST大药,20130312,
603963.SH,*ST大药,20130311,
603963.SH,*ST大药,20130310,
603963.SH,*ST大药,20130309,
603963.SH,*ST大药,20130308,
603963.SH,*ST大药,20130307,
603963.SH,*ST大药,20130306,
603963.SH,*ST大药,20130305,
603963.SH,*ST大药,20130304,
603963.SH,*ST大药,20130303,
603963.SH,*ST大药,20130302,
603963.SH,*ST大药,20130301,
603963.SH,*ST大药,20130228,
603963.SH,*ST大药,20130227,
603963.SH,*ST大药,20130226,
603963.SH,*ST大药,20130225,
603963.SH,*ST大药,20130224,
603963.SH,*ST大药,20130223,
603963.SH,*ST大药,20130222,
603963.SH,*ST大药,20130221,
603963.SH,*ST大药,20130220,
603963.SH,*ST大药,20130219,
603963.SH,*ST大药,20130218,
603963.SH,*ST大药,20130217,
603963.SH,*ST大药,20130216,
603963.SH,*ST大药,20130215,
603963.SH,*ST大药,20130214,
603963.SH,*ST大药,20130213,
603963.SH,*ST大药,20130212,
603963.SH,*ST大药,20130211,
603963.SH,*ST大药,20130210,
603963.SH,*ST大药,20130209,
603963.SH,*ST大药,20130208,
603963.SH,*ST大药,20130207,
603963.SH,*ST大药,20130206,
603963.SH,*ST大药,20130205,
603963.SH,*ST大药,20130204,
603963.SH,*ST大药,20130203,
603963.SH,*ST大药,20130202,
603963.SH,*ST大药,20130201,
603963.SH,*ST大药,20130131,
603963.SH,*ST大药,20130130,
603963.SH,*ST大药,20130129,
603963.SH,*ST大药,20130128,
603963.SH,*ST大药,20130127,
603963.SH,*ST大药,20130126,
603963.SH,*ST大药,20130125,
603963.SH,*ST大药,20130124,
603963.SH,*ST大药,20130123,
603963.SH,*ST大药,20130122,
603963.SH,*ST大药,20130121,
603963.SH,*ST大药,20130120,
603963.SH,*ST大药,20130119,
603963.SH,*ST大药,20130118,
603963.SH,*ST大药,20130117,
603963.SH,*ST大药,20130116,
603963.SH,*ST大药,20130115,
603963.SH,*ST大药,20130114,
603963.SH,*ST大药,20130113,
603963.SH,*ST大药,20130112,
603963.SH,*ST大药,20130111,
603963.SH,*ST大药,20130110,
603963.SH,*ST大药,20130109,
603963.SH,*ST大药,20130108,
603963.SH,*ST大药,20130107,
603963.SH,*ST大药,20130106,
603963.SH,*ST大药,20130105,
603963.SH,*ST大药,20130104,
603963.SH,*ST大药,20130103,
603963.SH,*ST大药,20130102,
603963.SH,*ST大药,20130101,
603963.SH,*ST大药,20121231,
603963.SH,*ST大药,20121230,
603963.SH,*ST大药,20121229,
603963.SH,*ST大药,20121228,
603963.SH,*ST大药,20121227,
603963.SH,*ST大药,20121226,
603963.SH,*ST大药,20121225,
603963.SH,*ST大药,20121224,
603963.SH,*ST大药,20121223,
603963.SH,*ST大药,20121222,
603963.SH,*ST大药,20121221,
603963.SH,*ST大药,20121220,
603963.SH,*ST大药,20121219,
603963.SH,*ST大药,20121218,
603963.SH,*ST大药,20121217,
603963.SH,*ST大药,20121216,
603963.SH,*ST大药,20121215,
603963.SH,*ST大药,20121214,
603963.SH,*ST大药,20121213,
603963.SH,*ST大药,20121212,
603963.SH,*ST大药,20121211,
603963.SH,*ST大药,20121210,
603963.SH,*ST大药,20121209,
603963.SH,*ST大药,20121208,
603963.SH,*ST大药,20121207,
603963.SH,*ST大药,20121206,
603963.SH,*ST大药,20121205,
603963.SH,*ST大药,20121204,
603963.SH,*ST大药,20121203,
603963.SH,*ST大药,20121202,
603963.SH,*ST大药,20121201,
603963.SH,*ST大药,20121130,
603963.SH,*ST大药,20121129,
603963.SH,*ST大药,20121128,
603963.SH,*ST大药,20121127,
603963.SH,*ST大药,20121126,
603963.SH,*ST大药,20121125,
603963.SH,*ST大药,20121124,
603963.SH,*ST大药,20121123,
603963.SH,*ST大药,20121122,
603963.SH,*ST大药,20121121,
603963.SH,*ST大药,20121120,
603963.SH,*ST大药,20121119,
603963.SH,*ST大药,20121118,
603963.SH,*ST大药,20121117,
603963.SH,*ST大药,20121116,
603963.SH,*ST大药,20121115,
603963.SH,*ST大药,20121114,
603963.SH,*ST大药,20121113,
603963.SH,*ST大药,20121112,
603963.SH,*ST大药,20121111,
603963.SH,*ST大药,20121110,
603963.SH,*ST大药,20121109,
603963.SH,*ST大药,20121108,
603963.SH,*ST大药,20121107,
603963.SH,*ST大药,20121106,
603963.SH,*ST大药,20121105,
603963.SH,*ST大药,20121104,
603963.SH,*ST大药,20121103,
603963.SH,*ST大药,20121102,
603963.SH,*ST大药,20121101,
603963.SH,*ST大药,20121031,
603963.SH,*ST大药,20121030,
603963.SH,*ST大药,20121029,
603963.SH,*ST大药,20121028,
603963.SH,*ST大药,20121027,
603963.SH,*ST大药,20121026,
603963.SH,*ST大药,20121025,
603963.SH,*ST大药,20121024,
603963.SH,*ST大药,20121023,
603963.SH,*ST大药,20121022,
603963.SH,*ST大药,20121021,
603963.SH,*ST大药,20121020,
603963.SH,*ST大药,20121019,
603963.SH,*ST大药,20121018,
603963.SH,*ST大药,20121017,
603963.SH,*ST大药,20121016,
603963.SH,*ST大药,20121015,
603963.SH,*ST大药,20121014,
603963.SH,*ST大药,20121013,
603963.SH,*ST大药,20121012,
603963.SH,*ST大药,20121011,
603963.SH,*ST大药,20121010,
603963.SH,*ST大药,20121009,
603963.SH,*ST大药,20121008,
603963.SH,*ST大药,20121007,
603963.SH,*ST大药,20121006,
603963.SH,*ST大药,20121005,
603963.SH,*ST大药,20121004,
603963.SH,*ST大药,20121003,
603963.SH,*ST大药,20121002,
603963.SH,*ST大药,20121001,
603963.SH,*ST大药,20120930,
603963.SH,*ST大药,20120929,
603963.SH,*ST大药,20120928,
603963.SH,*ST大药,20120927,
603963.SH,*ST大药,20120926,
603963.SH,*ST大药,20120925,
603963.SH,*ST大药,20120924,
603963.SH,*ST大药,20120923,
603963.SH,*ST大药,20120922,
603963.SH,*ST大药,20120921,
603963.SH,*ST大药,20120920,
603963.SH,*ST大药,20120919,
603963.SH,*ST大药,20120918,
603963.SH,*ST大药,20120917,
603963.SH,*ST大药,20120916,
603963.SH,*ST大药,20120915,
603963.SH,*ST大药,20120914,
603963.SH,*ST大药,20120913,
603963.SH,*ST大药,20120912,
603963.SH,*ST大药,20120911,
603963.SH,*ST大药,20120910,
603963.SH,*ST大药,20120909,
603963.SH,*ST大药,20120908,
603963.SH,*ST大药,20120907,
603963.SH,*ST大药,20120906,
603963.SH,*ST大药,20120905,
603963.SH,*ST大药,20120904,
603963.SH,*ST大药,20120903,
603963.SH,*ST大药,20120902,
603963.SH,*ST大药,20120901,
603963.SH,*ST大药,20120831,
603963.SH,*ST大药,20120830,
603963.SH,*ST大药,20120829,
603963.SH,*ST大药,20120828,
603963.SH,*ST大药,20120827,
603963.SH,*ST大药,20120826,
603963.SH,*ST大药,20120825,
603963.SH,*ST大药,20120824,
603963.SH,*ST大药,20120823,
603963.SH,*ST大药,20120822,
603963.SH,*ST大药,20120821,
603963.SH,*ST大药,20120820,
603963.SH,*ST大药,20120819,
603963.SH,*ST大药,20120818,
603963.SH,*ST大药,20120817,
603963.SH,*ST大药,20120816,
603963.SH,*ST大药,20120815,
603963.SH,*ST大药,20120814,
603963.SH,*ST大药,20120813,
603963.SH,*ST大药,20120812,
603963.SH,*ST大药,20120811,
603963.SH,*ST大药,20120810,
603963.SH,*ST大药,20120809,
603963.SH,*ST大药,20120808,
603963.SH,*ST大药,20120807,
603963.SH,*ST大药,20120806,
603963.SH,*ST大药,20120805,
603963.SH,*ST大药,20120804,
603963.SH,*ST大药,20120803,
603963.SH,*ST大药,20120802,
603963.SH,*ST大药,20120801,
603963.SH,*ST大药,20120731,
603963.SH,*ST大药,20120730,
603963.SH,*ST大药,20120729,
603963.SH,*ST大药,20120728,
603963.SH,*ST大药,20120727,
603963.SH,*ST大药,20120726,
603963.SH,*ST大药,20120725,
603963.SH,*ST大药,20120724,
603963.SH,*ST大药,20120723,
603963.SH,*ST大药,20120722,
603963.SH,*ST大药,20120721,
603963.SH,*ST大药,20120720,
603963.SH,*ST大药,20120719,
603963.SH,*ST大药,20120718,
603963.SH,*ST大药,20120717,
603963.SH,*ST大药,20120716,
603963.SH,*ST大药,20120715,
603963.SH,*ST大药,20120714,
603963.SH,*ST大药,20120713,
603963.SH,*ST大药,20120712,
603963.SH,*ST大药,20120711,
603963.SH,*ST大药,20120710,
603963.SH,*ST大药,20120709,
603963.SH,*ST大药,20120708,
603963.SH,*ST大药,20120707,
603963.SH,*ST大药,20120706,
603963.SH,*ST大药,20120705,
603963.SH,*ST大药,20120704,
603963.SH,*ST大药,20120703,
603963.SH,*ST大药,20120702,
603963.SH,*ST大药,20120701,
603963.SH,*ST大药,20120630,
603963.SH,*ST大药,20120629,
603963.SH,*ST大药,20120628,
603963.SH,*ST大药,20120627,
603963.SH,*ST大药,20120626,
603963.SH,*ST大药,20120625,
603963.SH,*ST大药,20120624,
603963.SH,*ST大药,20120623,
603963.SH,*ST大药,20120622,
603963.SH,*ST大药,20120621,
603963.SH,*ST大药,20120620,
603963.SH,*ST大药,20120619,
603963.SH,*ST大药,20120618,
603963.SH,*ST大药,20120617,
603963.SH,*ST大药,20120616,
603963.SH,*ST大药,20120615,
603963.SH,*ST大药,20120614,
603963.SH,*ST大药,20120613,
603963.SH,*ST大药,20120612,
603963.SH,*ST大药,20120611,
603963.SH,*ST大药,20120610,
603963.SH,*ST大药,20120609,
603963.SH,*ST大药,20120608,
603963.SH,*ST大药,20120607,
603963.SH,*ST大药,20120606,
603963.SH,*ST大药,20120605,
603963.SH,*ST大药,20120604,
603963.SH,*ST大药,20120603,
603963.SH,*ST大药,20120602,
603963.SH,*ST大药,20120601,
603963.SH,*ST大药,20120531,
603963.SH,*ST大药,20120530,
603963.SH,*ST大药,20120529,
603963.SH,*ST大药,20120528,
603963.SH,*ST大药,20120527,
603963.SH,*ST大药,20120526,
603963.SH,*ST大药,20120525,
603963.SH,*ST大药,20120524,
603963.SH,*ST大药,20120523,
603963.SH,*ST大药,20120522,
603963.SH,*ST大药,20120521,
603963.SH,*ST大药,20120520,
603963.SH,*ST大药,20120519,
603963.SH,*ST大药,20120518,
603963.SH,*ST大药,20120517,
603963.SH,*ST大药,20120516,
603963.SH,*ST大药,20120515,
603963.SH,*ST大药,20120514,
603963.SH,*ST大药,20120513,
603963.SH,*ST大药,20120512,
603963.SH,*ST大药,20120511,
603963.SH,*ST大药,20120510,
603963.SH,*ST大药,20120509,
603963.SH,*ST大药,20120508,
603963.SH,*ST大药,20120507,
603963.SH,*ST大药,20120506,
603963.SH,*ST大药,20120505,
603963.SH,*ST大药,20120504,
603963.SH,*ST大药,20120503,
603963.SH,*ST大药,20120502,
603963.SH,*ST大药,20120501,
603963.SH,*ST大药,20120430,
603963.SH,*ST大药,20120429,
603963.SH,*ST大药,20120428,
603963.SH,*ST大药,20120427,
603963.SH,*ST大药,20120426,
603963.SH,*ST大药,20120425,
603963.SH,*ST大药,20120424,
603963.SH,*ST大药,20120423,
603963.SH,*ST大药,20120422,
603963.SH,*ST大药,20120421,
603963.SH,*ST大药,20120420,
603963.SH,*ST大药,20120419,
603963.SH,*ST大药,20120418,
603963.SH,*ST大药,20120417,
603963.SH,*ST大药,20120416,
603963.SH,*ST大药,20120415,
603963.SH,*ST大药,20120414,
603963.SH,*ST大药,20120413,
603963.SH,*ST大药,20120412,
603963.SH,*ST大药,20120411,
603963.SH,*ST大药,20120410,
603963.SH,*ST大药,20120409,
603963.SH,*ST大药,20120408,
603963.SH,*ST大药,20120407,
603963.SH,*ST大药,20120406,
603963.SH,*ST大药,20120405,
603963.SH,*ST大药,20120404,
603963.SH,*ST大药,20120403,
603963.SH,*ST大药,20120402,
603963.SH,*ST大药,20120401,
603963.SH,*ST大药,20120331,
603963.SH,*ST大药,20120330,
603963.SH,*ST大药,20120329,
603963.SH,*ST大药,20120328,
603963.SH,*ST大药,20120327,
603963.SH,*ST大药,20120326,
603963.SH,*ST大药,20120325,
603963.SH,*ST大药,20120324,
603963.SH,*ST大药,20120323,
603963.SH,*ST大药,20120322,
603963.SH,*ST大药,20120321,
603963.SH,*ST大药,20120320,
603963.SH,*ST大药,20120319,
603963.SH,*ST大药,20120318,
603963.SH,*ST大药,20120317,
603963.SH,*ST大药,20120316,
603963.SH,*ST大药,20120315,
603963.SH,*ST大药,20120314,
603963.SH,*ST大药,20120313,
603963.SH,*ST大药,20120312,
603963.SH,*ST大药,20120311,
603963.SH,*ST大药,20120310,
603963.SH,*ST大药,20120309,
603963.SH,*ST大药,20120308,
603963.SH,*ST大药,20120307,
603963.SH,*ST大药,20120306,
603963.SH,*ST大药,20120305,
603963.SH,*ST大药,20120304,
603963.SH,*ST大药,20120303,
603963.SH,*ST大药,20120302,
603963.SH,*ST大药,20120301,
603963.SH,*ST大药,20120229,
603963.SH,*ST大药,20120228,
603963.SH,*ST大药,20120227,
603963.SH,*ST大药,20120226,
603963.SH,*ST大药,20120225,
603963.SH,*ST大药,20120224,
603963.SH,*ST大药,20120223,
603963.SH,*ST大药,20120222,
603963.SH,*ST大药,20120221,
603963.SH,*ST大药,20120220,
603963.SH,*ST大药,20120219,
603963.SH,*ST大药,20120218,
603963.SH,*ST大药,20120217,
603963.SH,*ST大药,20120216,
603963.SH,*ST大药,20120215,
603963.SH,*ST大药,20120214,
603963.SH,*ST大药,20120213,
603963.SH,*ST大药,20120212,
603963.SH,*ST大药,20120211,
603963.SH,*ST大药,20120210,
603963.SH,*ST大药,20120209,
603963.SH,*ST大药,20120208,
603963.SH,*ST大药,20120207,
603963.SH,*ST大药,20120206,
603963.SH,*ST大药,20120205,
603963.SH,*ST大药,20120204,
603963.SH,*ST大药,20120203,
603963.SH,*ST大药,20120202,
603963.SH,*ST大药,20120201,
603963.SH,*ST大药,20120131,
603963.SH,*ST大药,20120130,
603963.SH,*ST大药,20120129,
603963.SH,*ST大药,20120128,
603963.SH,*ST大药,20120127,
603963.SH,*ST大药,20120126,
603963.SH,*ST大药,20120125,
603963.SH,*ST大药,20120124,
603963.SH,*ST大药,20120123,
603963.SH,*ST大药,20120122,
603963.SH,*ST大药,20120121,
603963.SH,*ST大药,20120120,
603963.SH,*ST大药,20120119,
603963.SH,*ST大药,20120118,
603963.SH,*ST大药,20120117,
603963.SH,*ST大药,20120116,
603963.SH,*ST大药,20120115,
603963.SH,*ST大药,20120114,
603963.SH,*ST大药,20120113,
603963.SH,*ST大药,20120112,
603963.SH,*ST大药,20120111,
603963.SH,*ST大药,20120110,
603963.SH,*ST大药,20120109,
603963.SH,*ST大药,20120108,
603963.SH,*ST大药,20120107,
603963.SH,*ST大药,20120106,
603963.SH,*ST大药,20120105,
603963.SH,*ST大药,20120104,
603963.SH,*ST大药,20120103,
603963.SH,*ST大药,20120102,
603963.SH,*ST大药,20120101,
603963.SH,*ST大药,20111231,
603963.SH,*ST大药,20111230,
603963.SH,*ST大药,20111229,
603963.SH,*ST大药,20111228,
603963.SH,*ST大药,20111227,
603963.SH,*ST大药,20111226,
603963.SH,*ST大药,20111225,
603963.SH,*ST大药,20111224,
603963.SH,*ST大药,20111223,
603963.SH,*ST大药,20111222,
603963.SH,*ST大药,20111221,
603963.SH,*ST大药,20111220,
603963.SH,*ST大药,20111219,
603963.SH,*ST大药,20111218,
603963.SH,*ST大药,20111217,
603963.SH,*ST大药,20111216,
603963.SH,*ST大药,20111215,
603963.SH,*ST大药,20111214,
603963.SH,*ST大药,20111213,
603963.SH,*ST大药,20111212,
603963.SH,*ST大药,20111211,
603963.SH,*ST大药,20111210,
603963.SH,*ST大药,20111209,
603963.SH,*ST大药,20111208,
603963.SH,*ST大药,20111207,
603963.SH,*ST大药,20111206,
603963.SH,*ST大药,20111205,
603963.SH,*ST大药,20111204,
603963.SH,*ST大药,20111203,
603963.SH,*ST大药,20111202,
603963.SH,*ST大药,20111201,
603963.SH,*ST大药,20111130,
603963.SH,*ST大药,20111129,
603963.SH,*ST大药,20111128,
603963.SH,*ST大药,20111127,
603963.SH,*ST大药,20111126,
603963.SH,*ST大药,20111125,
603963.SH,*ST大药,20111124,
603963.SH,*ST大药,20111123,
603963.SH,*ST大药,20111122,
603963.SH,*ST大药,20111121,
603963.SH,*ST大药,20111120,
603963.SH,*ST大药,20111119,
603963.SH,*ST大药,20111118,
603963.SH,*ST大药,20111117,
603963.SH,*ST大药,20111116,
603963.SH,*ST大药,20111115,
603963.SH,*ST大药,20111114,
603963.SH,*ST大药,20111113,
603963.SH,*ST大药,20111112,
603963.SH,*ST大药,20111111,
603963.SH,*ST大药,20111110,
603963.SH,*ST大药,20111109,
603963.SH,*ST大药,20111108,
603963.SH,*ST大药,20111107,
603963.SH,*ST大药,20111106,
603963.SH,*ST大药,20111105,
603963.SH,*ST大药,20111104,
603963.SH,*ST大药,20111103,
603963.SH,*ST大药,20111102,
603963.SH,*ST大药,20111101,
603963.SH,*ST大药,20111031,
603963.SH,*ST大药,20111030,
603963.SH,*ST大药,20111029,
603963.SH,*ST大药,20111028,
603963.SH,*ST大药,20111027,
603963.SH,*ST大药,20111026,
603963.SH,*ST大药,20111025,
603963.SH,*ST大药,20111024,
603963.SH,*ST大药,20111023,
603963.SH,*ST大药,20111022,
603963.SH,*ST大药,20111021,
603963.SH,*ST大药,20111020,
603963.SH,*ST大药,20111019,
603963.SH,*ST大药,20111018,
603963.SH,*ST大药,20111017,
603963.SH,*ST大药,20111016,
603963.SH,*ST大药,20111015,
603963.SH,*ST大药,20111014,
603963.SH,*ST大药,20111013,
603963.SH,*ST大药,20111012,
603963.SH,*ST大药,20111011,
603963.SH,*ST大药,20111010,
603963.SH,*ST大药,20111009,
603963.SH,*ST大药,20111008,
603963.SH,*ST大药,20111007,
603963.SH,*ST大药,20111006,
603963.SH,*ST大药,20111005,
603963.SH,*ST大药,20111004,
603963.SH,*ST大药,20111003,
603963.SH,*ST大药,20111002,
603963.SH,*ST大药,20111001,
603963.SH,*ST大药,20110930,
603963.SH,*ST大药,20110929,
603963.SH,*ST大药,20110928,
603963.SH,*ST大药,20110927,
603963.SH,*ST大药,20110926,
603963.SH,*ST大药,20110925,
603963.SH,*ST大药,20110924,
603963.SH,*ST大药,20110923,
603963.SH,*ST大药,20110922,
603963.SH,*ST大药,20110921,
603963.SH,*ST大药,20110920,
603963.SH,*ST大药,20110919,
603963.SH,*ST大药,20110918,
603963.SH,*ST大药,20110917,
603963.SH,*ST大药,20110916,
603963.SH,*ST大药,20110915,
603963.SH,*ST大药,20110914,
603963.SH,*ST大药,20110913,
603963.SH,*ST大药,20110912,
603963.SH,*ST大药,20110911,
603963.SH,*ST大药,20110910,
603963.SH,*ST大药,20110909,
603963.SH,*ST大药,20110908,
603963.SH,*ST大药,20110907,
603963.SH,*ST大药,20110906,
603963.SH,*ST大药,20110905,
603963.SH,*ST大药,20110904,
603963.SH,*ST大药,20110903,
603963.SH,*ST大药,20110902,
603963.SH,*ST大药,20110901,
603963.SH,*ST大药,20110831,
603963.SH,*ST大药,20110830,
603963.SH,*ST大药,20110829,
603963.SH,*ST大药,20110828,
603963.SH,*ST大药,20110827,
603963.SH,*ST大药,20110826,
603963.SH,*ST大药,20110825,
603963.SH,*ST大药,20110824,
603963.SH,*ST大药,20110823,
603963.SH,*ST大药,20110822,
603963.SH,*ST大药,20110821,
603963.SH,*ST大药,20110820,
603963.SH,*ST大药,20110819,
603963.SH,*ST大药,20110818,
603963.SH,*ST大药,20110817,
603963.SH,*ST大药,20110816,
603963.SH,*ST大药,20110815,
603963.SH,*ST大药,20110814,
603963.SH,*ST大药,20110813,
603963.SH,*ST大药,20110812,
603963.SH,*ST大药,20110811,
603963.SH,*ST大药,20110810,
603963.SH,*ST大药,20110809,
603963.SH,*ST大药,20110808,
603963.SH,*ST大药,20110807,
603963.SH,*ST大药,20110806,
603963.SH,*ST大药,20110805,
603963.SH,*ST大药,20110804,
603963.SH,*ST大药,20110803,
603963.SH,*ST大药,20110802,
603963.SH,*ST大药,20110801,
603963.SH,*ST大药,20110731,
603963.SH,*ST大药,20110730,
603963.SH,*ST大药,20110729,
603963.SH,*ST大药,20110728,
603963.SH,*ST大药,20110727,
603963.SH,*ST大药,20110726,
603963.SH,*ST大药,20110725,
603963.SH,*ST大药,20110724,
603963.SH,*ST大药,20110723,
603963.SH,*ST大药,20110722,
603963.SH,*ST大药,20110721,
603963.SH,*ST大药,20110720,
603963.SH,*ST大药,20110719,
603963.SH,*ST大药,20110718,
603963.SH,*ST大药,20110717,
603963.SH,*ST大药,20110716,
603963.SH,*ST大药,20110715,
603963.SH,*ST大药,20110714,
603963.SH,*ST大药,20110713,
603963.SH,*ST大药,20110712,
603963.SH,*ST大药,20110711,
603963.SH,*ST大药,20110710,
603963.SH,*ST大药,20110709,
603963.SH,*ST大药,20110708,
603963.SH,*ST大药,20110707,
603963.SH,*ST大药,20110706,
603963.SH,*ST大药,20110705,
603963.SH,*ST大药,20110704,
603963.SH,*ST大药,20110703,
603963.SH,*ST大药,20110702,
603963.SH,*ST大药,20110701,
603963.SH,*ST大药,20110630,
603963.SH,*ST大药,20110629,
603963.SH,*ST大药,20110628,
603963.SH,*ST大药,20110627,
603963.SH,*ST大药,20110626,
603963.SH,*ST大药,20110625,
603963.SH,*ST大药,20110624,
603963.SH,*ST大药,20110623,
603963.SH,*ST大药,20110622,
603963.SH,*ST大药,20110621,
603963.SH,*ST大药,20110620,
603963.SH,*ST大药,20110619,
603963.SH,*ST大药,20110618,
603963.SH,*ST大药,20110617,
603963.SH,*ST大药,20110616,
603963.SH,*ST大药,20110615,
603963.SH,*ST大药,20110614,
603963.SH,*ST大药,20110613,
603963.SH,*ST大药,20110612,
603963.SH,*ST大药,20110611,
603963.SH,*ST大药,20110610,
603963.SH,*ST大药,20110609,
603963.SH,*ST大药,20110608,
603963.SH,*ST大药,20110607,
603963.SH,*ST大药,20110606,
603963.SH,*ST大药,20110605,
603963.SH,*ST大药,20110604,
603963.SH,*ST大药,20110603,
603963.SH,*ST大药,20110602,
603963.SH,*ST大药,20110601,
603963.SH,*ST大药,20110531,
603963.SH,*ST大药,20110530,
603963.SH,*ST大药,20110529,
603963.SH,*ST大药,20110528,
603963.SH,*ST大药,20110527,
603963.SH,*ST大药,20110526,
603963.SH,*ST大药,20110525,
603963.SH,*ST大药,20110524,
603963.SH,*ST大药,20110523,
603963.SH,*ST大药,20110522,
603963.SH,*ST大药,20110521,
603963.SH,*ST大药,20110520,
603963.SH,*ST大药,20110519,
603963.SH,*ST大药,20110518,
603963.SH,*ST大药,20110517,
603963.SH,*ST大药,20110516,
603963.SH,*ST大药,20110515,
603963.SH,*ST大药,20110514,
603963.SH,*ST大药,20110513,
603963.SH,*ST大药,20110512,
603963.SH,*ST大药,20110511,
603963.SH,*ST大药,20110510,
603963.SH,*ST大药,20110509,
603963.SH,*ST大药,20110508,
603963.SH,*ST大药,20110507,
603963.SH,*ST大药,20110506,
603963.SH,*ST大药,20110505,
603963.SH,*ST大药,20110504,
603963.SH,*ST大药,20110503,
603963.SH,*ST大药,20110502,
603963.SH,*ST大药,20110501,
603963.SH,*ST大药,20110430,
603963.SH,*ST大药,20110429,
603963.SH,*ST大药,20110428,
603963.SH,*ST大药,20110427,
603963.SH,*ST大药,20110426,
603963.SH,*ST大药,20110425,
603963.SH,*ST大药,20110424,
603963.SH,*ST大药,20110423,
603963.SH,*ST大药,20110422,
603963.SH,*ST大药,20110421,
603963.SH,*ST大药,20110420,
603963.SH,*ST大药,20110419,
603963.SH,*ST大药,20110418,
603963.SH,*ST大药,20110417,
603963.SH,*ST大药,20110416,
603963.SH,*ST大药,20110415,
603963.SH,*ST大药,20110414,
603963.SH,*ST大药,20110413,
603963.SH,*ST大药,20110412,
603963.SH,*ST大药,20110411,
603963.SH,*ST大药,20110410,
603963.SH,*ST大药,20110409,
603963.SH,*ST大药,20110408,
603963.SH,*ST大药,20110407,
603963.SH,*ST大药,20110406,
603963.SH,*ST大药,20110405,
603963.SH,*ST大药,20110404,
603963.SH,*ST大药,20110403,
603963.SH,*ST大药,20110402,
603963.SH,*ST大药,20110401,
603963.SH,*ST大药,20110331,
603963.SH,*ST大药,20110330,
603963.SH,*ST大药,20110329,
603963.SH,*ST大药,20110328,
603963.SH,*ST大药,20110327,
603963.SH,*ST大药,20110326,
603963.SH,*ST大药,20110325,
603963.SH,*ST大药,20110324,
603963.SH,*ST大药,20110323,
603963.SH,*ST大药,20110322,
603963.SH,*ST大药,20110321,
603963.SH,*ST大药,20110320,
603963.SH,*ST大药,20110319,
603963.SH,*ST大药,20110318,
603963.SH,*ST大药,20110317,
603963.SH,*ST大药,20110316,
603963.SH,*ST大药,20110315,
603963.SH,*ST大药,20110314,
603963.SH,*ST大药,20110313,
603963.SH,*ST大药,20110312,
603963.SH,*ST大药,20110311,
603963.SH,*ST大药,20110310,
603963.SH,*ST大药,20110309,
603963.SH,*ST大药,20110308,
603963.SH,*ST大药,20110307,
603963.SH,*ST大药,20110306,
603963.SH,*ST大药,20110305,
603963.SH,*ST大药,20110304,
603963.SH,*ST大药,20110303,
603963.SH,*ST大药,20110302,
603963.SH,*ST大药,20110301,
603963.SH,*ST大药,20110228,
603963.SH,*ST大药,20110227,
603963.SH,*ST大药,20110226,
603963.SH,*ST大药,20110225,
603963.SH,*ST大药,20110224,
603963.SH,*ST大药,20110223,
603963.SH,*ST大药,20110222,
603963.SH,*ST大药,20110221,
603963.SH,*ST大药,20110220,
603963.SH,*ST大药,20110219,
603963.SH,*ST大药,20110218,
603963.SH,*ST大药,20110217,
603963.SH,*ST大药,20110216,
603963.SH,*ST大药,20110215,
603963.SH,*ST大药,20110214,
603963.SH,*ST大药,20110213,
603963.SH,*ST大药,20110212,
603963.SH,*ST大药,20110211,
603963.SH,*ST大药,20110210,
603963.SH,*ST大药,20110209,
603963.SH,*ST大药,20110208,
603963.SH,*ST大药,20110207,
603963.SH,*ST大药,20110206,
603963.SH,*ST大药,20110205,
603963.SH,*ST大药,20110204,
603963.SH,*ST大药,20110203,
603963.SH,*ST大药,20110202,
603963.SH,*ST大药,20110201,
603963.SH,*ST大药,20110131,
603963.SH,*ST大药,20110130,
603963.SH,*ST大药,20110129,
603963.SH,*ST大药,20110128,
603963.SH,*ST大药,20110127,
603963.SH,*ST大药,20110126,
603963.SH,*ST大药,20110125,
603963.SH,*ST大药,20110124,
603963.SH,*ST大药,20110123,
603963.SH,*ST大药,20110122,
603963.SH,*ST大药,20110121,
603963.SH,*ST大药,20110120,
603963.SH,*ST大药,20110119,
603963.SH,*ST大药,20110118,
603963.SH,*ST大药,20110117,
603963.SH,*ST大药,20110116,
603963.SH,*ST大药,20110115,
603963.SH,*ST大药,20110114,
603963.SH,*ST大药,20110113,
603963.SH,*ST大药,20110112,
603963.SH,*ST大药,20110111,
603963.SH,*ST大药,20110110,
603963.SH,*ST大药,20110109,
603963.SH,*ST大药,20110108,
603963.SH,*ST大药,20110107,
603963.SH,*ST大药,20110106,
603963.SH,*ST大药,20110105,
603963.SH,*ST大药,20110104,
603963.SH,*ST大药,20110103,
603963.SH,*ST大药,20110102,
603963.SH,*ST大药,20110101,
603963.SH,*ST大药,20101231,
603963.SH,*ST大药,20101230,
603963.SH,*ST大药,20101229,
603963.SH,*ST大药,20101228,
603963.SH,*ST大药,20101227,
603963.SH,*ST大药,20101226,
603963.SH,*ST大药,20101225,
603963.SH,*ST大药,20101224,
603963.SH,*ST大药,20101223,
603963.SH,*ST大药,20101222,
603963.SH,*ST大药,20101221,
603963.SH,*ST大药,20101220,
603963.SH,*ST大药,20101219,
603963.SH,*ST大药,20101218,
603963.SH,*ST大药,20101217,
603963.SH,*ST大药,20101216,
603963.SH,*ST大药,20101215,
603963.SH,*ST大药,20101214,
603963.SH,*ST大药,20101213,
603963.SH,*ST大药,20101212,
603963.SH,*ST大药,20101211,
603963.SH,*ST大药,20101210,
603963.SH,*ST大药,20101209,
603963.SH,*ST大药,20101208,
603963.SH,*ST大药,20101207,
603963.SH,*ST大药,20101206,
603963.SH,*ST大药,20101205,
603963.SH,*ST大药,20101204,
603963.SH,*ST大药,20101203,
603963.SH,*ST大药,20101202,
603963.SH,*ST大药,20101201,
603963.SH,*ST大药,20101130,
603963.SH,*ST大药,20101129,
603963.SH,*ST大药,20101128,
603963.SH,*ST大药,20101127,
603963.SH,*ST大药,20101126,
603963.SH,*ST大药,20101125,
603963.SH,*ST大药,20101124,
603963.SH,*ST大药,20101123,
603963.SH,*ST大药,20101122,
603963.SH,*ST大药,20101121,
603963.SH,*ST大药,20101120,
603963.SH,*ST大药,20101119,
603963.SH,*ST大药,20101118,
603963.SH,*ST大药,20101117,
603963.SH,*ST大药,20101116,
603963.SH,*ST大药,20101115,
603963.SH,*ST大药,20101114,
603963.SH,*ST大药,20101113,
603963.SH,*ST大药,20101112,
603963.SH,*ST大药,20101111,
603963.SH,*ST大药,20101110,
603963.SH,*ST大药,20101109,
603963.SH,*ST大药,20101108,
603963.SH,*ST大药,20101107,
603963.SH,*ST大药,20101106,
603963.SH,*ST大药,20101105,
603963.SH,*ST大药,20101104,
603963.SH,*ST大药,20101103,
603963.SH,*ST大药,20101102,
603963.SH,*ST大药,20101101,
603963.SH,*ST大药,20101031,
603963.SH,*ST大药,20101030,
603963.SH,*ST大药,20101029,
603963.SH,*ST大药,20101028,
603963.SH,*ST大药,20101027,
603963.SH,*ST大药,20101026,
603963.SH,*ST大药,20101025,
603963.SH,*ST大药,20101024,
603963.SH,*ST大药,20101023,
603963.SH,*ST大药,20101022,
603963.SH,*ST大药,20101021,
603963.SH,*ST大药,20101020,
603963.SH,*ST大药,20101019,
603963.SH,*ST大药,20101018,
603963.SH,*ST大药,20101017,
603963.SH,*ST大药,20101016,
603963.SH,*ST大药,20101015,
603963.SH,*ST大药,20101014,
603963.SH,*ST大药,20101013,
603963.SH,*ST大药,20101012,
603963.SH,*ST大药,20101011,
603963.SH,*ST大药,20101010,
603963.SH,*ST大药,20101009,
603963.SH,*ST大药,20101008,
603963.SH,*ST大药,20101007,
603963.SH,*ST大药,20101006,
603963.SH,*ST大药,20101005,
603963.SH,*ST大药,20101004,
603963.SH,*ST大药,20101003,
603963.SH,*ST大药,20101002,
603963.SH,*ST大药,20101001,
603963.SH,*ST大药,20100930,
603963.SH,*ST大药,20100929,
603963.SH,*ST大药,20100928,
603963.SH,*ST大药,20100927,
603963.SH,*ST大药,20100926,
603963.SH,*ST大药,20100925,
603963.SH,*ST大药,20100924,
603963.SH,*ST大药,20100923,
603963.SH,*ST大药,20100922,
603963.SH,*ST大药,20100921,
603963.SH,*ST大药,20100920,
603963.SH,*ST大药,20100919,
603963.SH,*ST大药,20100918,
603963.SH,*ST大药,20100917,
603963.SH,*ST大药,20100916,
603963.SH,*ST大药,20100915,
603963.SH,*ST大药,20100914,
603963.SH,*ST大药,20100913,
603963.SH,*ST大药,20100912,
603963.SH,*ST大药,20100911,
603963.SH,*ST大药,20100910,
603963.SH,*ST大药,20100909,
603963.SH,*ST大药,20100908,
603963.SH,*ST大药,20100907,
603963.SH,*ST大药,20100906,
603963.SH,*ST大药,20100905,
603963.SH,*ST大药,20100904,
603963.SH,*ST大药,20100903,
603963.SH,*ST大药,20100902,
603963.SH,*ST大药,20100901,
603963.SH,*ST大药,20100831,
603963.SH,*ST大药,20100830,
603963.SH,*ST大药,20100829,
603963.SH,*ST大药,20100828,
603963.SH,*ST大药,20100827,
603963.SH,*ST大药,20100826,
603963.SH,*ST大药,20100825,
603963.SH,*ST大药,20100824,
603963.SH,*ST大药,20100823,
603963.SH,*ST大药,20100822,
603963.SH,*ST大药,20100821,
603963.SH,*ST大药,20100820,
603963.SH,*ST大药,20100819,
603963.SH,*ST大药,20100818,
603963.SH,*ST大药,20100817,
603963.SH,*ST大药,20100816,
603963.SH,*ST大药,20100815,
603963.SH,*ST大药,20100814,
603963.SH,*ST大药,20100813,
603963.SH,*ST大药,20100812,
603963.SH,*ST大药,20100811,
603963.SH,*ST大药,20100810,
603963.SH,*ST大药,20100809,
603963.SH,*ST大药,20100808,
603963.SH,*ST大药,20100807,
603963.SH,*ST大药,20100806,
603963.SH,*ST大药,20100805,
603963.SH,*ST大药,20100804,
603963.SH,*ST大药,20100803,
603963.SH,*ST大药,20100802,
603963.SH,*ST大药,20100801,
603963.SH,*ST大药,20100731,
603963.SH,*ST大药,20100730,
603963.SH,*ST大药,20100729,
603963.SH,*ST大药,20100728,
603963.SH,*ST大药,20100727,
603963.SH,*ST大药,20100726,
603963.SH,*ST大药,20100725,
603963.SH,*ST大药,20100724,
603963.SH,*ST大药,20100723,
603963.SH,*ST大药,20100722,
603963.SH,*ST大药,20100721,
603963.SH,*ST大药,20100720,
603963.SH,*ST大药,20100719,
603963.SH,*ST大药,20100718,
603963.SH,*ST大药,20100717,
603963.SH,*ST大药,20100716,
603963.SH,*ST大药,20100715,
603963.SH,*ST大药,20100714,
603963.SH,*ST大药,20100713,
603963.SH,*ST大药,20100712,
603963.SH,*ST大药,20100711,
603963.SH,*ST大药,20100710,
603963.SH,*ST大药,20100709,
603963.SH,*ST大药,20100708,
603963.SH,*ST大药,20100707,
603963.SH,*ST大药,20100706,
603963.SH,*ST大药,20100705,
603963.SH,*ST大药,20100704,
603963.SH,*ST大药,20100703,
603963.SH,*ST大药,20100702,
603963.SH,*ST大药,20100701,
603963.SH,*ST大药,20100630,
603963.SH,*ST大药,20100629,
603963.SH,*ST大药,20100628,
603963.SH,*ST大药,20100627,
603963.SH,*ST大药,20100626,
603963.SH,*ST大药,20100625,
603963.SH,*ST大药,20100624,
603963.SH,*ST大药,20100623,
603963.SH,*ST大药,20100622,
603963.SH,*ST大药,20100621,
603963.SH,*ST大药,20100620,
603963.SH,*ST大药,20100619,
603963.SH,*ST大药,20100618,
603963.SH,*ST大药,20100617,
603963.SH,*ST大药,20100616,
603963.SH,*ST大药,20100615,
603963.SH,*ST大药,20100614,
603963.SH,*ST大药,20100613,
603963.SH,*ST大药,20100612,
603963.SH,*ST大药,20100611,
603963.SH,*ST大药,20100610,
603963.SH,*ST大药,20100609,
603963.SH,*ST大药,20100608,
603963.SH,*ST大药,20100607,
603963.SH,*ST大药,20100606,
603963.SH,*ST大药,20100605,
603963.SH,*ST大药,20100604,
603963.SH,*ST大药,20100603,
603963.SH,*ST大药,20100602,
603963.SH,*ST大药,20100601,
603963.SH,*ST大药,20100531,
603963.SH,*ST大药,20100530,
603963.SH,*ST大药,20100529,
603963.SH,*ST大药,20100528,
603963.SH,*ST大药,20100527,
603963.SH,*ST大药,20100526,
603963.SH,*ST大药,20100525,
603963.SH,*ST大药,20100524,
603963.SH,*ST大药,20100523,
603963.SH,*ST大药,20100522,
603963.SH,*ST大药,20100521,
603963.SH,*ST大药,20100520,
603963.SH,*ST大药,20100519,
603963.SH,*ST大药,20100518,
603963.SH,*ST大药,20100517,
603963.SH,*ST大药,20100516,
603963.SH,*ST大药,20100515,
603963.SH,*ST大药,20100514,
603963.SH,*ST大药,20100513,
603963.SH,*ST大药,20100512,
603963.SH,*ST大药,20100511,
603963.SH,*ST大药,20100510,
603963.SH,*ST大药,20100509,
603963.SH,*ST大药,20100508,
603963.SH,*ST大药,20100507,
603963.SH,*ST大药,20100506,
603963.SH,*ST大药,20100505,
603963.SH,*ST大药,20100504,
603963.SH,*ST大药,20100503,
603963.SH,*ST大药,20100502,
603963.SH,*ST大药,20100501,
603963.SH,*ST大药,20100430,
603963.SH,*ST大药,20100429,
603963.SH,*ST大药,20100428,
603963.SH,*ST大药,20100427,
603963.SH,*ST大药,20100426,
603963.SH,*ST大药,20100425,
603963.SH,*ST大药,20100424,
603963.SH,*ST大药,20100423,
603963.SH,*ST大药,20100422,
603963.SH,*ST大药,20100421,
603963.SH,*ST大药,20100420,
603963.SH,*ST大药,20100419,
603963.SH,*ST大药,20100418,
603963.SH,*ST大药,20100417,
603963.SH,*ST大药,20100416,
603963.SH,*ST大药,20100415,
603963.SH,*ST大药,20100414,
603963.SH,*ST大药,20100413,
603963.SH,*ST大药,20100412,
603963.SH,*ST大药,20100411,
603963.SH,*ST大药,20100410,
603963.SH,*ST大药,20100409,
603963.SH,*ST大药,20100408,
603963.SH,*ST大药,20100407,
603963.SH,*ST大药,20100406,
603963.SH,*ST大药,20100405,
603963.SH,*ST大药,20100404,
603963.SH,*ST大药,20100403,
603963.SH,*ST大药,20100402,
603963.SH,*ST大药,20100401,
603963.SH,*ST大药,20100331,
603963.SH,*ST大药,20100330,
603963.SH,*ST大药,20100329,
603963.SH,*ST大药,20100328,
603963.SH,*ST大药,20100327,
603963.SH,*ST大药,20100326,
603963.SH,*ST大药,20100325,
603963.SH,*ST大药,20100324,
603963.SH,*ST大药,20100323,
603963.SH,*ST大药,20100322,
603963.SH,*ST大药,20100321,
603963.SH,*ST大药,20100320,
603963.SH,*ST大药,20100319,
603963.SH,*ST大药,20100318,
603963.SH,*ST大药,20100317,
603963.SH,*ST大药,20100316,
603963.SH,*ST大药,20100315,
603963.SH,*ST大药,20100314,
603963.SH,*ST大药,20100313,
603963.SH,*ST大药,20100312,
603963.SH,*ST大药,20100311,
603963.SH,*ST大药,20100310,
603963.SH,*ST大药,20100309,
603963.SH,*ST大药,20100308,
603963.SH,*ST大药,20100307,
603963.SH,*ST大药,20100306,
603963.SH,*ST大药,20100305,
603963.SH,*ST大药,20100304,
603963.SH,*ST大药,20100303,
603963.SH,*ST大药,20100302,
603963.SH,*ST大药,20100301,
603963.SH,*ST大药,20100228,
603963.SH,*ST大药,20100227,
603963.SH,*ST大药,20100226,
603963.SH,*ST大药,20100225,
603963.SH,*ST大药,20100224,
603963.SH,*ST大药,20100223,
603963.SH,*ST大药,20100222,
603963.SH,*ST大药,20100221,
603963.SH,*ST大药,20100220,
603963.SH,*ST大药,20100219,
603963.SH,*ST大药,20100218,
603963.SH,*ST大药,20100217,
603963.SH,*ST大药,20100216,
603963.SH,*ST大药,20100215,
603963.SH,*ST大药,20100214,
603963.SH,*ST大药,20100213,
603963.SH,*ST大药,20100212,
603963.SH,*ST大药,20100211,
603963.SH,*ST大药,20100210,
603963.SH,*ST大药,20100209,
603963.SH,*ST大药,20100208,
603963.SH,*ST大药,20100207,
603963.SH,*ST大药,20100206,
603963.SH,*ST大药,20100205,
603963.SH,*ST大药,20100204,
603963.SH,*ST大药,20100203,
603963.SH,*ST大药,20100202,
603963.SH,*ST大药,20100201,
603963.SH,*ST大药,20100131,
603963.SH,*ST大药,20100130,
603963.SH,*ST大药,20100129,
603963.SH,*ST大药,20100128,
603963.SH,*ST大药,20100127,
603963.SH,*ST大药,20100126,
603963.SH,*ST大药,20100125,
603963.SH,*ST大药,20100124,
603963.SH,*ST大药,20100123,
603963.SH,*ST大药,20100122,
603963.SH,*ST大药,20100121,
603963.SH,*ST大药,20100120,
603963.SH,*ST大药,20100119,
603963.SH,*ST大药,20100118,
603963.SH,*ST大药,20100117,
603963.SH,*ST大药,20100116,
603963.SH,*ST大药,20100115,
603963.SH,*ST大药,20100114,
603963.SH,*ST大药,20100113,
603963.SH,*ST大药,20100112,
603963.SH,*ST大药,20100111,
603963.SH,*ST大药,20100110,
603963.SH,*ST大药,20100109,
603963.SH,*ST大药,20100108,
603963.SH,*ST大药,20100107,
603963.SH,*ST大药,20100106,
603963.SH,*ST大药,20100105,
603963.SH,*ST大药,20100104,
603963.SH,*ST大药,20100103,
603963.SH,*ST大药,20100102,
603963.SH,*ST大药,20100101,
603963.SH,*ST大药,20091231,
603963.SH,*ST大药,20091230,
603963.SH,*ST大药,20091229,
603963.SH,*ST大药,20091228,
603963.SH,*ST大药,20091227,
603963.SH,*ST大药,20091226,
603963.SH,*ST大药,20091225,
603963.SH,*ST大药,20091224,
603963.SH,*ST大药,20091223,
603963.SH,*ST大药,20091222,
603963.SH,*ST大药,20091221,
603963.SH,*ST大药,20091220,
603963.SH,*ST大药,20091219,
603963.SH,*ST大药,20091218,
603963.SH,*ST大药,20091217,
603963.SH,*ST大药,20091216,
603963.SH,*ST大药,20091215,
603963.SH,*ST大药,20091214,
603963.SH,*ST大药,20091213,
603963.SH,*ST大药,20091212,
603963.SH,*ST大药,20091211,
603963.SH,*ST大药,20091210,
603963.SH,*ST大药,20091209,
603963.SH,*ST大药,20091208,
603963.SH,*ST大药,20091207,
603963.SH,*ST大药,20091206,
603963.SH,*ST大药,20091205,
603963.SH,*ST大药,20091204,
603963.SH,*ST大药,20091203,
603963.SH,*ST大药,20091202,
603963.SH,*ST大药,20091201,
603963.SH,*ST大药,20091130,
603963.SH,*ST大药,20091129,
603963.SH,*ST大药,20091128,
603963.SH,*ST大药,20091127,
603963.SH,*ST大药,20091126,
603963.SH,*ST大药,20091125,
603963.SH,*ST大药,20091124,
603963.SH,*ST大药,20091123,
603963.SH,*ST大药,20091122,
603963.SH,*ST大药,20091121,
603963.SH,*ST大药,20091120,
603963.SH,*ST大药,20091119,
603963.SH,*ST大药,20091118,
603963.SH,*ST大药,20091117,
603963.SH,*ST大药,20091116,
603963.SH,*ST大药,20091115,
603963.SH,*ST大药,20091114,
603963.SH,*ST大药,20091113,
603963.SH,*ST大药,20091112,
603963.SH,*ST大药,20091111,
603963.SH,*ST大药,20091110,
603963.SH,*ST大药,20091109,
603963.SH,*ST大药,20091108,
603963.SH,*ST大药,20091107,
603963.SH,*ST大药,20091106,
603963.SH,*ST大药,20091105,
603963.SH,*ST大药,20091104,
603963.SH,*ST大药,20091103,
603963.SH,*ST大药,20091102,
603963.SH,*ST大药,20091101,
603963.SH,*ST大药,20091031,
603963.SH,*ST大药,20091030,
603963.SH,*ST大药,20091029,
603963.SH,*ST大药,20091028,
603963.SH,*ST大药,20091027,
603963.SH,*ST大药,20091026,
603963.SH,*ST大药,20091025,
603963.SH,*ST大药,20091024,
603963.SH,*ST大药,20091023,
603963.SH,*ST大药,20091022,
603963.SH,*ST大药,20091021,
603963.SH,*ST大药,20091020,
603963.SH,*ST大药,20091019,
603963.SH,*ST大药,20091018,
603963.SH,*ST大药,20091017,
603963.SH,*ST大药,20091016,
603963.SH,*ST大药,20091015,
603963.SH,*ST大药,20091014,
603963.SH,*ST大药,20091013,
603963.SH,*ST大药,20091012,
603963.SH,*ST大药,20091011,
603963.SH,*ST大药,20091010,
603963.SH,*ST大药,20091009,
603963.SH,*ST大药,20091008,
603963.SH,*ST大药,20091007,
603963.SH,*ST大药,20091006,
603963.SH,*ST大药,20091005,
603963.SH,*ST大药,20091004,
603963.SH,*ST大药,20091003,
603963.SH,*ST大药,20091002,
603963.SH,*ST大药,20091001,
603963.SH,*ST大药,20090930,
603963.SH,*ST大药,20090929,
603963.SH,*ST大药,20090928,
603963.SH,*ST大药,20090927,
603963.SH,*ST大药,20090926,
603963.SH,*ST大药,20090925,
603963.SH,*ST大药,20090924,
603963.SH,*ST大药,20090923,
603963.SH,*ST大药,20090922,
603963.SH,*ST大药,20090921,
603963.SH,*ST大药,20090920,
603963.SH,*ST大药,20090919,
603963.SH,*ST大药,20090918,
603963.SH,*ST大药,20090917,
603963.SH,*ST大药,20090916,
603963.SH,*ST大药,20090915,
603963.SH,*ST大药,20090914,
603963.SH,*ST大药,20090913,
603963.SH,*ST大药,20090912,
603963.SH,*ST大药,20090911,
603963.SH,*ST大药,20090910,
603963.SH,*ST大药,20090909,
603963.SH,*ST大药,20090908,
603963.SH,*ST大药,20090907,
603963.SH,*ST大药,20090906,
603963.SH,*ST大药,20090905,
603963.SH,*ST大药,20090904,
603963.SH,*ST大药,20090903,
603963.SH,*ST大药,20090902,
603963.SH,*ST大药,20090901,
603963.SH,*ST大药,20090831,
603963.SH,*ST大药,20090830,
603963.SH,*ST大药,20090829,
603963.SH,*ST大药,20090828,
603963.SH,*ST大药,20090827,
603963.SH,*ST大药,20090826,
603963.SH,*ST大药,20090825,
603963.SH,*ST大药,20090824,
603963.SH,*ST大药,20090823,
603963.SH,*ST大药,20090822,
603963.SH,*ST大药,20090821,
603963.SH,*ST大药,20090820,
603963.SH,*ST大药,20090819,
603963.SH,*ST大药,20090818,
603963.SH,*ST大药,20090817,
603963.SH,*ST大药,20090816,
603963.SH,*ST大药,20090815,
603963.SH,*ST大药,20090814,
603963.SH,*ST大药,20090813,
603963.SH,*ST大药,20090812,
603963.SH,*ST大药,20090811,
603963.SH,*ST大药,20090810,
603963.SH,*ST大药,20090809,
603963.SH,*ST大药,20090808,
603963.SH,*ST大药,20090807,
603963.SH,*ST大药,20090806,
603963.SH,*ST大药,20090805,
603963.SH,*ST大药,20090804,
603963.SH,*ST大药,20090803,
603963.SH,*ST大药,20090802,
603963.SH,*ST大药,20090801,
603963.SH,*ST大药,20090731,
603963.SH,*ST大药,20090730,
603963.SH,*ST大药,20090729,
603963.SH,*ST大药,20090728,
603963.SH,*ST大药,20090727,
603963.SH,*ST大药,20090726,
603963.SH,*ST大药,20090725,
603963.SH,*ST大药,20090724,
603963.SH,*ST大药,20090723,
603963.SH,*ST大药,20090722,
603963.SH,*ST大药,20090721,
603963.SH,*ST大药,20090720,
603963.SH,*ST大药,20090719,
603963.SH,*ST大药,20090718,
603963.SH,*ST大药,20090717,
603963.SH,*ST大药,20090716,
603963.SH,*ST大药,20090715,
603963.SH,*ST大药,20090714,
603963.SH,*ST大药,20090713,
603963.SH,*ST大药,20090712,
603963.SH,*ST大药,20090711,
603963.SH,*ST大药,20090710,
603963.SH,*ST大药,20090709,
603963.SH,*ST大药,20090708,
603963.SH,*ST大药,20090707,
603963.SH,*ST大药,20090706,
603963.SH,*ST大药,20090705,
603963.SH,*ST大药,20090704,
603963.SH,*ST大药,20090703,
603963.SH,*ST大药,20090702,
603963.SH,*ST大药,20090701,
603963.SH,*ST大药,20090630,
603963.SH,*ST大药,20090629,
603963.SH,*ST大药,20090628,
603963.SH,*ST大药,20090627,
603963.SH,*ST大药,20090626,
603963.SH,*ST大药,20090625,
603963.SH,*ST大药,20090624,
603963.SH,*ST大药,20090623,
603963.SH,*ST大药,20090622,
603963.SH,*ST大药,20090621,
603963.SH,*ST大药,20090620,
603963.SH,*ST大药,20090619,
603963.SH,*ST大药,20090618,
603963.SH,*ST大药,20090617,
603963.SH,*ST大药,20090616,
603963.SH,*ST大药,20090615,
603963.SH,*ST大药,20090614,
603963.SH,*ST大药,20090613,
603963.SH,*ST大药,20090612,
603963.SH,*ST大药,20090611,
603963.SH,*ST大药,20090610,
603963.SH,*ST大药,20090609,
603963.SH,*ST大药,20090608,
603963.SH,*ST大药,20090607,
603963.SH,*ST大药,20090606,
603963.SH,*ST大药,20090605,
603963.SH,*ST大药,20090604,
603963.SH,*ST大药,20090603,
603963.SH,*ST大药,20090602,
603963.SH,*ST大药,20090601,
603963.SH,*ST大药,20090531,
603963.SH,*ST大药,20090530,
603963.SH,*ST大药,20090529,
603963.SH,*ST大药,20090528,
603963.SH,*ST大药,20090527,
603963.SH,*ST大药,20090526,
603963.SH,*ST大药,20090525,
603963.SH,*ST大药,20090524,
603963.SH,*ST大药,20090523,
603963.SH,*ST大药,20090522,
603963.SH,*ST大药,20090521,
603963.SH,*ST大药,20090520,
603963.SH,*ST大药,20090519,
603963.SH,*ST大药,20090518,
603963.SH,*ST大药,20090517,
603963.SH,*ST大药,20090516,
603963.SH,*ST大药,20090515,
603963.SH,*ST大药,20090514,
603963.SH,*ST大药,20090513,
603963.SH,*ST大药,20090512,
603963.SH,*ST大药,20090511,
603963.SH,*ST大药,20090510,
603963.SH,*ST大药,20090509,
603963.SH,*ST大药,20090508,
603963.SH,*ST大药,20090507,
603963.SH,*ST大药,20090506,
603963.SH,*ST大药,20090505,
603963.SH,*ST大药,20090504,
603963.SH,*ST大药,20090503,
603963.SH,*ST大药,20090502,
603963.SH,*ST大药,20090501,
603963.SH,*ST大药,20090430,
603963.SH,*ST大药,20090429,
603963.SH,*ST大药,20090428,
603963.SH,*ST大药,20090427,
603963.SH,*ST大药,20090426,
603963.SH,*ST大药,20090425,
603963.SH,*ST大药,20090424,
603963.SH,*ST大药,20090423,
603963.SH,*ST大药,20090422,
603963.SH,*ST大药,20090421,
603963.SH,*ST大药,20090420,
603963.SH,*ST大药,20090419,
603963.SH,*ST大药,20090418,
603963.SH,*ST大药,20090417,
603963.SH,*ST大药,20090416,
603963.SH,*ST大药,20090415,
603963.SH,*ST大药,20090414,
603963.SH,*ST大药,20090413,
603963.SH,*ST大药,20090412,
603963.SH,*ST大药,20090411,
603963.SH,*ST大药,20090410,
603963.SH,*ST大药,20090409,
603963.SH,*ST大药,20090408,
603963.SH,*ST大药,20090407,
603963.SH,*ST大药,20090406,
603963.SH,*ST大药,20090405,
603963.SH,*ST大药,20090404,
603963.SH,*ST大药,20090403,
603963.SH,*ST大药,20090402,
603963.SH,*ST大药,20090401,
603963.SH,*ST大药,20090331,
603963.SH,*ST大药,20090330,
603963.SH,*ST大药,20090329,
603963.SH,*ST大药,20090328,
603963.SH,*ST大药,20090327,
603963.SH,*ST大药,20090326,
603963.SH,*ST大药,20090325,
603963.SH,*ST大药,20090324,
603963.SH,*ST大药,20090323,
603963.SH,*ST大药,20090322,
603963.SH,*ST大药,20090321,
603963.SH,*ST大药,20090320,
603963.SH,*ST大药,20090319,
603963.SH,*ST大药,20090318,
603963.SH,*ST大药,20090317,
603963.SH,*ST大药,20090316,
603963.SH,*ST大药,20090315,
603963.SH,*ST大药,20090314,
603963.SH,*ST大药,20090313,
603963.SH,*ST大药,20090312,
603963.SH,*ST大药,20090311,
603963.SH,*ST大药,20090310,
603963.SH,*ST大药,20090309,
603963.SH,*ST大药,20090308,
603963.SH,*ST大药,20090307,
603963.SH,*ST大药,20090306,
603963.SH,*ST大药,20090305,
603963.SH,*ST大药,20090304,
603963.SH,*ST大药,20090303,
603963.SH,*ST大药,20090302,
603963.SH,*ST大药,20090301,
603963.SH,*ST大药,20090228,
603963.SH,*ST大药,20090227,
603963.SH,*ST大药,20090226,
603963.SH,*ST大药,20090225,
603963.SH,*ST大药,20090224,
603963.SH,*ST大药,20090223,
603963.SH,*ST大药,20090222,
603963.SH,*ST大药,20090221,
603963.SH,*ST大药,20090220,
603963.SH,*ST大药,20090219,
603963.SH,*ST大药,20090218,
603963.SH,*ST大药,20090217,
603963.SH,*ST大药,20090216,
603963.SH,*ST大药,20090215,
603963.SH,*ST大药,20090214,
603963.SH,*ST大药,20090213,
603963.SH,*ST大药,20090212,
603963.SH,*ST大药,20090211,
603963.SH,*ST大药,20090210,
603963.SH,*ST大药,20090209,
603963.SH,*ST大药,20090208,
603963.SH,*ST大药,20090207,
603963.SH,*ST大药,20090206,
603963.SH,*ST大药,20090205,
603963.SH,*ST大药,20090204,
603963.SH,*ST大药,20090203,
603963.SH,*ST大药,20090202,
603963.SH,*ST大药,20090201,
603963.SH,*ST大药,20090131,
603963.SH,*ST大药,20090130,
603963.SH,*ST大药,20090129,
603963.SH,*ST大药,20090128,
603963.SH,*ST大药,20090127,
603963.SH,*ST大药,20090126,
603963.SH,*ST大药,20090125,
603963.SH,*ST大药,20090124,
603963.SH,*ST大药,20090123,
603963.SH,*ST大药,20090122,
603963.SH,*ST大药,20090121,
603963.SH,*ST大药,20090120,
603963.SH,*ST大药,20090119,
603963.SH,*ST大药,20090118,
603963.SH,*ST大药,20090117,
603963.SH,*ST大药,20090116,
603963.SH,*ST大药,20090115,
603963.SH,*ST大药,20090114,
603963.SH,*ST大药,20090113,
603963.SH,*ST大药,20090112,
603963.SH,*ST大药,20090111,
603963.SH,*ST大药,20090110,
603963.SH,*ST大药,20090109,
603963.SH,*ST大药,20090108,
603963.SH,*ST大药,20090107,
603963.SH,*ST大药,20090106,
603963.SH,*ST大药,20090105,
603963.SH,*ST大药,20090104,
603963.SH,*ST大药,20090103,
603963.SH,*ST大药,20090102,
603963.SH,*ST大药,20090101,
603963.SH,*ST大药,20081231,
603963.SH,*ST大药,20081230,
603963.SH,*ST大药,20081229,
603963.SH,*ST大药,20081228,
603963.SH,*ST大药,20081227,
603963.SH,*ST大药,20081226,
603963.SH,*ST大药,20081225,
603963.SH,*ST大药,20081224,
603963.SH,*ST大药,20081223,
603963.SH,*ST大药,20081222,
603963.SH,*ST大药,20081221,
603963.SH,*ST大药,20081220,
603963.SH,*ST大药,20081219,
603963.SH,*ST大药,20081218,
603963.SH,*ST大药,20081217,
603963.SH,*ST大药,20081216,
603963.SH,*ST大药,20081215,
603963.SH,*ST大药,20081214,
603963.SH,*ST大药,20081213,
603963.SH,*ST大药,20081212,
603963.SH,*ST大药,20081211,
603963.SH,*ST大药,20081210,
603963.SH,*ST大药,20081209,
603963.SH,*ST大药,20081208,
603963.SH,*ST大药,20081207,
603963.SH,*ST大药,20081206,
603963.SH,*ST大药,20081205,
603963.SH,*ST大药,20081204,
603963.SH,*ST大药,20081203,
603963.SH,*ST大药,20081202,
603963.SH,*ST大药,20081201,
603963.SH,*ST大药,20081130,
603963.SH,*ST大药,20081129,
603963.SH,*ST大药,20081128,
603963.SH,*ST大药,20081127,
603963.SH,*ST大药,20081126,
603963.SH,*ST大药,20081125,
603963.SH,*ST大药,20081124,
603963.SH,*ST大药,20081123,
603963.SH,*ST大药,20081122,
603963.SH,*ST大药,20081121,
603963.SH,*ST大药,20081120,
603963.SH,*ST大药,20081119,
603963.SH,*ST大药,20081118,
603963.SH,*ST大药,20081117,
603963.SH,*ST大药,20081116,
603963.SH,*ST大药,20081115,
603963.SH,*ST大药,20081114,
603963.SH,*ST大药,20081113,
603963.SH,*ST大药,20081112,
603963.SH,*ST大药,20081111,
603963.SH,*ST大药,20081110,
603963.SH,*ST大药,20081109,
603963.SH,*ST大药,20081108,
603963.SH,*ST大药,20081107,
603963.SH,*ST大药,20081106,
603963.SH,*ST大药,20081105,
603963.SH,*ST大药,20081104,
603963.SH,*ST大药,20081103,
603963.SH,*ST大药,20081102,
603963.SH,*ST大药,20081101,
603963.SH,*ST大药,20081031,
603963.SH,*ST大药,20081030,
603963.SH,*ST大药,20081029,
603963.SH,*ST大药,20081028,
603963.SH,*ST大药,20081027,
603963.SH,*ST大药,20081026,
603963.SH,*ST大药,20081025,
603963.SH,*ST大药,20081024,
603963.SH,*ST大药,20081023,
603963.SH,*ST大药,20081022,
603963.SH,*ST大药,20081021,
603963.SH,*ST大药,20081020,
603963.SH,*ST大药,20081019,
603963.SH,*ST大药,20081018,
603963.SH,*ST大药,20081017,
603963.SH,*ST大药,20081016,
603963.SH,*ST大药,20081015,
603963.SH,*ST大药,20081014,
603963.SH,*ST大药,20081013,
603963.SH,*ST大药,20081012,
603963.SH,*ST大药,20081011,
603963.SH,*ST大药,20081010,
603963.SH,*ST大药,20081009,
603963.SH,*ST大药,20081008,
603963.SH,*ST大药,20081007,
603963.SH,*ST大药,20081006,
603963.SH,*ST大药,20081005,
603963.SH,*ST大药,20081004,
603963.SH,*ST大药,20081003,
603963.SH,*ST大药,20081002,
603963.SH,*ST大药,20081001,
603963.SH,*ST大药,20080930,
603963.SH,*ST大药,20080929,
603963.SH,*ST大药,20080928,
603963.SH,*ST大药,20080927,
603963.SH,*ST大药,20080926,
603963.SH,*ST大药,20080925,
603963.SH,*ST大药,20080924,
603963.SH,*ST大药,20080923,
603963.SH,*ST大药,20080922,
603963.SH,*ST大药,20080921,
603963.SH,*ST大药,20080920,
603963.SH,*ST大药,20080919,
603963.SH,*ST大药,20080918,
603963.SH,*ST大药,20080917,
603963.SH,*ST大药,20080916,
603963.SH,*ST大药,20080915,
603963.SH,*ST大药,20080914,
603963.SH,*ST大药,20080913,
603963.SH,*ST大药,20080912,
603963.SH,*ST大药,20080911,
603963.SH,*ST大药,20080910,
603963.SH,*ST大药,20080909,
603963.SH,*ST大药,20080908,
603963.SH,*ST大药,20080907,
603963.SH,*ST大药,20080906,
603963.SH,*ST大药,20080905,
603963.SH,*ST大药,20080904,
603963.SH,*ST大药,20080903,
603963.SH,*ST大药,20080902,
603963.SH,*ST大药,20080901,
603963.SH,*ST大药,20080831,
603963.SH,*ST大药,20080830,
603963.SH,*ST大药,20080829,
603963.SH,*ST大药,20080828,
603963.SH,*ST大药,20080827,
603963.SH,*ST大药,20080826,
603963.SH,*ST大药,20080825,
603963.SH,*ST大药,20080824,
603963.SH,*ST大药,20080823,
603963.SH,*ST大药,20080822,
603963.SH,*ST大药,20080821,
603963.SH,*ST大药,20080820,
603963.SH,*ST大药,20080819,
603963.SH,*ST大药,20080818,
603963.SH,*ST大药,20080817,
603963.SH,*ST大药,20080816,
603963.SH,*ST大药,20080815,
603963.SH,*ST大药,20080814,
603963.SH,*ST大药,20080813,
603963.SH,*ST大药,20080812,
603963.SH,*ST大药,20080811,
603963.SH,*ST大药,20080810,
603963.SH,*ST大药,20080809,
603963.SH,*ST大药,20080808,
603963.SH,*ST大药,20080807,
603963.SH,*ST大药,20080806,
603963.SH,*ST大药,20080805,
603963.SH,*ST大药,20080804,
603963.SH,*ST大药,20080803,
603963.SH,*ST大药,20080802,
603963.SH,*ST大药,20080801,
603963.SH,*ST大药,20080731,
603963.SH,*ST大药,20080730,
603963.SH,*ST大药,20080729,
603963.SH,*ST大药,20080728,
603963.SH,*ST大药,20080727,
603963.SH,*ST大药,20080726,
603963.SH,*ST大药,20080725,
603963.SH,*ST大药,20080724,
603963.SH,*ST大药,20080723,
603963.SH,*ST大药,20080722,
603963.SH,*ST大药,20080721,
603963.SH,*ST大药,20080720,
603963.SH,*ST大药,20080719,
603963.SH,*ST大药,20080718,
603963.SH,*ST大药,20080717,
603963.SH,*ST大药,20080716,
603963.SH,*ST大药,20080715,
603963.SH,*ST大药,20080714,
603963.SH,*ST大药,20080713,
603963.SH,*ST大药,20080712,
603963.SH,*ST大药,20080711,
603963.SH,*ST大药,20080710,
603963.SH,*ST大药,20080709,
603963.SH,*ST大药,20080708,
603963.SH,*ST大药,20080707,
603963.SH,*ST大药,20080706,
603963.SH,*ST大药,20080705,
603963.SH,*ST大药,20080704,
603963.SH,*ST大药,20080703,
603963.SH,*ST大药,20080702,
603963.SH,*ST大药,20080701,
603963.SH,*ST大药,20080630,
603963.SH,*ST大药,20080629,
603963.SH,*ST大药,20080628,
603963.SH,*ST大药,20080627,
603963.SH,*ST大药,20080626,
603963.SH,*ST大药,20080625,
603963.SH,*ST大药,20080624,
603963.SH,*ST大药,20080623,
603963.SH,*ST大药,20080622,
603963.SH,*ST大药,20080621,
603963.SH,*ST大药,20080620,
603963.SH,*ST大药,20080619,
603963.SH,*ST大药,20080618,
603963.SH,*ST大药,20080617,
603963.SH,*ST大药,20080616,
603963.SH,*ST大药,20080615,
603963.SH,*ST大药,20080614,
603963.SH,*ST大药,20080613,
603963.SH,*ST大药,20080612,
603963.SH,*ST大药,20080611,
603963.SH,*ST大药,20080610,
603963.SH,*ST大药,20080609,
603963.SH,*ST大药,20080608,
603963.SH,*ST大药,20080607,
603963.SH,*ST大药,20080606,
603963.SH,*ST大药,20080605,
603963.SH,*ST大药,20080604,
603963.SH,*ST大药,20080603,
603963.SH,*ST大药,20080602,
603963.SH,*ST大药,20080601,
603963.SH,*ST大药,20080531,
603963.SH,*ST大药,20080530,
603963.SH,*ST大药,20080529,
603963.SH,*ST大药,20080528,
603963.SH,*ST大药,20080527,
603963.SH,*ST大药,20080526,
603963.SH,*ST大药,20080525,
603963.SH,*ST大药,20080524,
603963.SH,*ST大药,20080523,
603963.SH,*ST大药,20080522,
603963.SH,*ST大药,20080521,
603963.SH,*ST大药,20080520,
603963.SH,*ST大药,20080519,
603963.SH,*ST大药,20080518,
603963.SH,*ST大药,20080517,
603963.SH,*ST大药,20080516,
603963.SH,*ST大药,20080515,
603963.SH,*ST大药,20080514,
603963.SH,*ST大药,20080513,
603963.SH,*ST大药,20080512,
603963.SH,*ST大药,20080511,
603963.SH,*ST大药,20080510,
603963.SH,*ST大药,20080509,
603963.SH,*ST大药,20080508,
603963.SH,*ST大药,20080507,
603963.SH,*ST大药,20080506,
603963.SH,*ST大药,20080505,
603963.SH,*ST大药,20080504,
603963.SH,*ST大药,20080503,
603963.SH,*ST大药,20080502,
603963.SH,*ST大药,20080501,
603963.SH,*ST大药,20080430,
603963.SH,*ST大药,20080429,
603963.SH,*ST大药,20080428,
603963.SH,*ST大药,20080427,
603963.SH,*ST大药,20080426,
603963.SH,*ST大药,20080425,
603963.SH,*ST大药,20080424,
603963.SH,*ST大药,20080423,
603963.SH,*ST大药,20080422,
603963.SH,*ST大药,20080421,
603963.SH,*ST大药,20080420,
603963.SH,*ST大药,20080419,
603963.SH,*ST大药,20080418,
603963.SH,*ST大药,20080417,
603963.SH,*ST大药,20080416,
603963.SH,*ST大药,20080415,
603963.SH,*ST大药,20080414,
603963.SH,*ST大药,20080413,
603963.SH,*ST大药,20080412,
603963.SH,*ST大药,20080411,
603963.SH,*ST大药,20080410,
603963.SH,*ST大药,20080409,
603963.SH,*ST大药,20080408,
603963.SH,*ST大药,20080407,
603963.SH,*ST大药,20080406,
603963.SH,*ST大药,20080405,
603963.SH,*ST大药,20080404,
603963.SH,*ST大药,20080403,
603963.SH,*ST大药,20080402,
603963.SH,*ST大药,20080401,
603963.SH,*ST大药,20080331,
603963.SH,*ST大药,20080330,
603963.SH,*ST大药,20080329,
603963.SH,*ST大药,20080328,
603963.SH,*ST大药,20080327,
603963.SH,*ST大药,20080326,
603963.SH,*ST大药,20080325,
603963.SH,*ST大药,20080324,
603963.SH,*ST大药,20080323,
603963.SH,*ST大药,20080322,
603963.SH,*ST大药,20080321,
603963.SH,*ST大药,20080320,
603963.SH,*ST大药,20080319,
603963.SH,*ST大药,20080318,
603963.SH,*ST大药,20080317,
603963.SH,*ST大药,20080316,
603963.SH,*ST大药,20080315,
603963.SH,*ST大药,20080314,
603963.SH,*ST大药,20080313,
603963.SH,*ST大药,20080312,
603963.SH,*ST大药,20080311,
603963.SH,*ST大药,20080310,
603963.SH,*ST大药,20080309,
603963.SH,*ST大药,20080308,
603963.SH,*ST大药,20080307,
603963.SH,*ST大药,20080306,
603963.SH,*ST大药,20080305,
603963.SH,*ST大药,20080304,
603963.SH,*ST大药,20080303,
603963.SH,*ST大药,20080302,
603963.SH,*ST大药,20080301,
603963.SH,*ST大药,20080229,
603963.SH,*ST大药,20080228,
603963.SH,*ST大药,20080227,
603963.SH,*ST大药,20080226,
603963.SH,*ST大药,20080225,
603963.SH,*ST大药,20080224,
603963.SH,*ST大药,20080223,
603963.SH,*ST大药,20080222,
603963.SH,*ST大药,20080221,
603963.SH,*ST大药,20080220,
603963.SH,*ST大药,20080219,
603963.SH,*ST大药,20080218,
603963.SH,*ST大药,20080217,
603963.SH,*ST大药,20080216,
603963.SH,*ST大药,20080215,
603963.SH,*ST大药,20080214,
603963.SH,*ST大药,20080213,
603963.SH,*ST大药,20080212,
603963.SH,*ST大药,20080211,
603963.SH,*ST大药,20080210,
603963.SH,*ST大药,20080209,
603963.SH,*ST大药,20080208,
603963.SH,*ST大药,20080207,
603963.SH,*ST大药,20080206,
603963.SH,*ST大药,20080205,
603963.SH,*ST大药,20080204,
603963.SH,*ST大药,20080203,
603963.SH,*ST大药,20080202,
603963.SH,*ST大药,20080201,
603963.SH,*ST大药,20080131,
603963.SH,*ST大药,20080130,
603963.SH,*ST大药,20080129,
603963.SH,*ST大药,20080128,
603963.SH,*ST大药,20080127,
603963.SH,*ST大药,20080126,
603963.SH,*ST大药,20080125,
603963.SH,*ST大药,20080124,
603963.SH,*ST大药,20080123,
603963.SH,*ST大药,20080122,
603963.SH,*ST大药,20080121,
603963.SH,*ST大药,20080120,
603963.SH,*ST大药,20080119,
603963.SH,*ST大药,20080118,
603963.SH,*ST大药,20080117,
603963.SH,*ST大药,20080116,
603963.SH,*ST大药,20080115,
603963.SH,*ST大药,20080114,
603963.SH,*ST大药,20080113,
603963.SH,*ST大药,20080112,
603963.SH,*ST大药,20080111,
603963.SH,*ST大药,20080110,
603963.SH,*ST大药,20080109,
603963.SH,*ST大药,20080108,
603963.SH,*ST大药,20080107,
603963.SH,*ST大药,20080106,
603963.SH,*ST大药,20080105,
603963.SH,*ST大药,20080104,
603963.SH,*ST大药,20080103,
603963.SH,*ST大药,20080102,
603963.SH,*ST大药,20080101,
603963.SH,*ST大药,20071231,
603963.SH,*ST大药,20071230,
603963.SH,*ST大药,20071229,
603963.SH,*ST大药,20071228,
603963.SH,*ST大药,20071227,
603963.SH,*ST大药,20071226,
603963.SH,*ST大药,20071225,
603963.SH,*ST大药,20071224,
603963.SH,*ST大药,20071223,
603963.SH,*ST大药,20071222,
603963.SH,*ST大药,20071221,
603963.SH,*ST大药,20071220,
603963.SH,*ST大药,20071219,
603963.SH,*ST大药,20071218,
603963.SH,*ST大药,20071217,
603963.SH,*ST大药,20071216,
603963.SH,*ST大药,20071215,
603963.SH,*ST大药,20071214,
603963.SH,*ST大药,20071213,
603963.SH,*ST大药,20071212,
603963.SH,*ST大药,20071211,
603963.SH,*ST大药,20071210,
603963.SH,*ST大药,20071209,
603963.SH,*ST大药,20071208,
603963.SH,*ST大药,20071207,
603963.SH,*ST大药,20071206,
603963.SH,*ST大药,20071205,
603963.SH,*ST大药,20071204,
603963.SH,*ST大药,20071203,
603963.SH,*ST大药,20071202,
603963.SH,*ST大药,20071201,
603963.SH,*ST大药,20071130,
603963.SH,*ST大药,20071129,
603963.SH,*ST大药,20071128,
603963.SH,*ST大药,20071127,
603963.SH,*ST大药,20071126,
603963.SH,*ST大药,20071125,
603963.SH,*ST大药,20071124,
603963.SH,*ST大药,20071123,
603963.SH,*ST大药,20071122,
603963.SH,*ST大药,20071121,
603963.SH,*ST大药,20071120,
603963.SH,*ST大药,20071119,
603963.SH,*ST大药,20071118,
603963.SH,*ST大药,20071117,
603963.SH,*ST大药,20071116,
603963.SH,*ST大药,20071115,
603963.SH,*ST大药,20071114,
603963.SH,*ST大药,20071113,
603963.SH,*ST大药,20071112,
603963.SH,*ST大药,20071111,
603963.SH,*ST大药,20071110,
603963.SH,*ST大药,20071109,
603963.SH,*ST大药,20071108,
603963.SH,*ST大药,20071107,
603963.SH,*ST大药,20071106,
603963.SH,*ST大药,20071105,
603963.SH,*ST大药,20071104,
603963.SH,*ST大药,20071103,
603963.SH,*ST大药,20071102,
603963.SH,*ST大药,20071101,
603963.SH,*ST大药,20071031,
603963.SH,*ST大药,20071030,
603963.SH,*ST大药,20071029,
603963.SH,*ST大药,20071028,
603963.SH,*ST大药,20071027,
603963.SH,*ST大药,20071026,
603963.SH,*ST大药,20071025,
603963.SH,*ST大药,20071024,
603963.SH,*ST大药,20071023,
603963.SH,*ST大药,20071022,
603963.SH,*ST大药,20071021,
603963.SH,*ST大药,20071020,
603963.SH,*ST大药,20071019,
603963.SH,*ST大药,20071018,
603963.SH,*ST大药,20071017,
603963.SH,*ST大药,20071016,
603963.SH,*ST大药,20071015,
603963.SH,*ST大药,20071014,
603963.SH,*ST大药,20071013,
603963.SH,*ST大药,20071012,
603963.SH,*ST大药,20071011,
603963.SH,*ST大药,20071010,
603963.SH,*ST大药,20071009,
603963.SH,*ST大药,20071008,
603963.SH,*ST大药,20071007,
603963.SH,*ST大药,20071006,
603963.SH,*ST大药,20071005,
603963.SH,*ST大药,20071004,
603963.SH,*ST大药,20071003,
603963.SH,*ST大药,20071002,
603963.SH,*ST大药,20071001,
603963.SH,*ST大药,20070930,
603963.SH,*ST大药,20070929,
603963.SH,*ST大药,20070928,
603963.SH,*ST大药,20070927,
603963.SH,*ST大药,20070926,
603963.SH,*ST大药,20070925,
603963.SH,*ST大药,20070924,
603963.SH,*ST大药,20070923,
603963.SH,*ST大药,20070922,
603963.SH,*ST大药,20070921,
603963.SH,*ST大药,20070920,
603963.SH,*ST大药,20070919,
603963.SH,*ST大药,20070918,
603963.SH,*ST大药,20070917,
603963.SH,*ST大药,20070916,
603963.SH,*ST大药,20070915,
603963.SH,*ST大药,20070914,
603963.SH,*ST大药,20070913,
603963.SH,*ST大药,20070912,
603963.SH,*ST大药,20070911,
603963.SH,*ST大药,20070910,
603963.SH,*ST大药,20070909,
603963.SH,*ST大药,20070908,
603963.SH,*ST大药,20070907,
603963.SH,*ST大药,20070906,
603963.SH,*ST大药,20070905,
603963.SH,*ST大药,20070904,
603963.SH,*ST大药,20070903,
603963.SH,*ST大药,20070902,
603963.SH,*ST大药,20070901,
603963.SH,*ST大药,20070831,
603963.SH,*ST大药,20070830,
603963.SH,*ST大药,20070829,
603963.SH,*ST大药,20070828,
603963.SH,*ST大药,20070827,
603963.SH,*ST大药,20070826,
603963.SH,*ST大药,20070825,
603963.SH,*ST大药,20070824,
603963.SH,*ST大药,20070823,
603963.SH,*ST大药,20070822,
603963.SH,*ST大药,20070821,
603963.SH,*ST大药,20070820,
603963.SH,*ST大药,20070819,
603963.SH,*ST大药,20070818,
603963.SH,*ST大药,20070817,
603963.SH,*ST大药,20070816,
603963.SH,*ST大药,20070815,
603963.SH,*ST大药,20070814,
603963.SH,*ST大药,20070813,
603963.SH,*ST大药,20070812,
603963.SH,*ST大药,20070811,
603963.SH,*ST大药,20070810,
603963.SH,*ST大药,20070809,
603963.SH,*ST大药,20070808,
603963.SH,*ST大药,20070807,
603963.SH,*ST大药,20070806,
603963.SH,*ST大药,20070805,
603963.SH,*ST大药,20070804,
603963.SH,*ST大药,20070803,
603963.SH,*ST大药,20070802,
603963.SH,*ST大药,20070801,
603963.SH,*ST大药,20070731,
603963.SH,*ST大药,20070730,
603963.SH,*ST大药,20070729,
603963.SH,*ST大药,20070728,
603963.SH,*ST大药,20070727,
603963.SH,*ST大药,20070726,
603963.SH,*ST大药,20070725,
603963.SH,*ST大药,20070724,
603963.SH,*ST大药,20070723,
603963.SH,*ST大药,20070722,
603963.SH,*ST大药,20070721,
603963.SH,*ST大药,20070720,
603963.SH,*ST大药,20070719,
603963.SH,*ST大药,20070718,
603963.SH,*ST大药,20070717,
603963.SH,*ST大药,20070716,
603963.SH,*ST大药,20070715,
603963.SH,*ST大药,20070714,
603963.SH,*ST大药,20070713,
603963.SH,*ST大药,20070712,
603963.SH,*ST大药,20070711,
603963.SH,*ST大药,20070710,
603963.SH,*ST大药,20070709,
603963.SH,*ST大药,20070708,
603963.SH,*ST大药,20070707,
603963.SH,*ST大药,20070706,
603963.SH,*ST大药,20070705,
603963.SH,*ST大药,20070704,
603963.SH,*ST大药,20070703,
603963.SH,*ST大药,20070702,
603963.SH,*ST大药,20070701,
603963.SH,*ST大药,20070630,
603963.SH,*ST大药,20070629,
603963.SH,*ST大药,20070628,
603963.SH,*ST大药,20070627,
603963.SH,*ST大药,20070626,
603963.SH,*ST大药,20070625,
603963.SH,*ST大药,20070624,
603963.SH,*ST大药,20070623,
603963.SH,*ST大药,20070622,
603963.SH,*ST大药,20070621,
603963.SH,*ST大药,20070620,
603963.SH,*ST大药,20070619,
603963.SH,*ST大药,20070618,
603963.SH,*ST大药,20070617,
603963.SH,*ST大药,20070616,
603963.SH,*ST大药,20070615,
603963.SH,*ST大药,20070614,
603963.SH,*ST大药,20070613,
603963.SH,*ST大药,20070612,
603963.SH,*ST大药,20070611,
603963.SH,*ST大药,20070610,
603963.SH,*ST大药,20070609,
603963.SH,*ST大药,20070608,
603963.SH,*ST大药,20070607,
603963.SH,*ST大药,20070606,
603963.SH,*ST大药,20070605,
603963.SH,*ST大药,20070604,
603963.SH,*ST大药,20070603,
603963.SH,*ST大药,20070602,
603963.SH,*ST大药,20070601,
603963.SH,*ST大药,20070531,
603963.SH,*ST大药,20070530,
603963.SH,*ST大药,20070529,
603963.SH,*ST大药,20070528,
603963.SH,*ST大药,20070527,
603963.SH,*ST大药,20070526,
603963.SH,*ST大药,20070525,
603963.SH,*ST大药,20070524,
603963.SH,*ST大药,20070523,
603963.SH,*ST大药,20070522,
603963.SH,*ST大药,20070521,
603963.SH,*ST大药,20070520,
603963.SH,*ST大药,20070519,
603963.SH,*ST大药,20070518,
603963.SH,*ST大药,20070517,
603963.SH,*ST大药,20070516,
603963.SH,*ST大药,20070515,
603963.SH,*ST大药,20070514,
603963.SH,*ST大药,20070513,
603963.SH,*ST大药,20070512,
603963.SH,*ST大药,20070511,
603963.SH,*ST大药,20070510,
603963.SH,*ST大药,20070509,
603963.SH,*ST大药,20070508,
603963.SH,*ST大药,20070507,
603963.SH,*ST大药,20070506,
603963.SH,*ST大药,20070505,
603963.SH,*ST大药,20070504,
603963.SH,*ST大药,20070503,
603963.SH,*ST大药,20070502,
603963.SH,*ST大药,20070501,
603963.SH,*ST大药,20070430,
603963.SH,*ST大药,20070429,
603963.SH,*ST大药,20070428,
603963.SH,*ST大药,20070427,
603963.SH,*ST大药,20070426,
603963.SH,*ST大药,20070425,
603963.SH,*ST大药,20070424,
603963.SH,*ST大药,20070423,
603963.SH,*ST大药,20070422,
603963.SH,*ST大药,20070421,
603963.SH,*ST大药,20070420,
603963.SH,*ST大药,20070419,
603963.SH,*ST大药,20070418,
603963.SH,*ST大药,20070417,
603963.SH,*ST大药,20070416,
603963.SH,*ST大药,20070415,
603963.SH,*ST大药,20070414,
603963.SH,*ST大药,20070413,
603963.SH,*ST大药,20070412,
603963.SH,*ST大药,20070411,
603963.SH,*ST大药,20070410,
603963.SH,*ST大药,20070409,
603963.SH,*ST大药,20070408,
603963.SH,*ST大药,20070407,
603963.SH,*ST大药,20070406,
603963.SH,*ST大药,20070405,
603963.SH,*ST大药,20070404,
603963.SH,*ST大药,20070403,
603963.SH,*ST大药,20070402,
603963.SH,*ST大药,20070401,
603963.SH,*ST大药,20070331,
603963.SH,*ST大药,20070330,
603963.SH,*ST大药,20070329,
603963.SH,*ST大药,20070328,
603963.SH,*ST大药,20070327,
603963.SH,*ST大药,20070326,
603963.SH,*ST大药,20070325,
603963.SH,*ST大药,20070324,
603963.SH,*ST大药,20070323,
603963.SH,*ST大药,20070322,
603963.SH,*ST大药,20070321,
603963.SH,*ST大药,20070320,
603963.SH,*ST大药,20070319,
603963.SH,*ST大药,20070318,
603963.SH,*ST大药,20070317,
603963.SH,*ST大药,20070316,
603963.SH,*ST大药,20070315,
603963.SH,*ST大药,20070314,
603963.SH,*ST大药,20070313,
603963.SH,*ST大药,20070312,
603963.SH,*ST大药,20070311,
603963.SH,*ST大药,20070310,
603963.SH,*ST大药,20070309,
603963.SH,*ST大药,20070308,
603963.SH,*ST大药,20070307,
603963.SH,*ST大药,20070306,
603963.SH,*ST大药,20070305,
603963.SH,*ST大药,20070304,
603963.SH,*ST大药,20070303,
603963.SH,*ST大药,20070302,
603963.SH,*ST大药,20070301,
603963.SH,*ST大药,20070228,
603963.SH,*ST大药,20070227,
603963.SH,*ST大药,20070226,
603963.SH,*ST大药,20070225,
603963.SH,*ST大药,20070224,
603963.SH,*ST大药,20070223,
603963.SH,*ST大药,20070222,
603963.SH,*ST大药,20070221,
603963.SH,*ST大药,20070220,
603963.SH,*ST大药,20070219,
603963.SH,*ST大药,20070218,
603963.SH,*ST大药,20070217,
603963.SH,*ST大药,20070216,
603963.SH,*ST大药,20070215,
603963.SH,*ST大药,20070214,
603963.SH,*ST大药,20070213,
603963.SH,*ST大药,20070212,
603963.SH,*ST大药,20070211,
603963.SH,*ST大药,20070210,
603963.SH,*ST大药,20070209,
603963.SH,*ST大药,20070208,
603963.SH,*ST大药,20070207,
603963.SH,*ST大药,20070206,
603963.SH,*ST大药,20070205,
603963.SH,*ST大药,20070204,
603963.SH,*ST大药,20070203,
603963.SH,*ST大药,20070202,
603963.SH,*ST大药,20070201,
603963.SH,*ST大药,20070131,
603963.SH,*ST大药,20070130,
603963.SH,*ST大药,20070129,
603963.SH,*ST大药,20070128,
603963.SH,*ST大药,20070127,
603963.SH,*ST大药,20070126,
603963.SH,*ST大药,20070125,
603963.SH,*ST大药,20070124,
603963.SH,*ST大药,20070123,
603963.SH,*ST大药,20070122,
603963.SH,*ST大药,20070121,
603963.SH,*ST大药,20070120,
603963.SH,*ST大药,20070119,
603963.SH,*ST大药,20070118,
603963.SH,*ST大药,20070117,
603963.SH,*ST大药,20070116,
603963.SH,*ST大药,20070115,
603963.SH,*ST大药,20070114,
603963.SH,*ST大药,20070113,
603963.SH,*ST大药,20070112,
603963.SH,*ST大药,20070111,
603963.SH,*ST大药,20070110,
603963.SH,*ST大药,20070109,
603963.SH,*ST大药,20070108,
603963.SH,*ST大药,20070107,
603963.SH,*ST大药,20070106,
603963.SH,*ST大药,20070105,
603963.SH,*ST大药,20070104,
603963.SH,*ST大药,20070103,
603963.SH,*ST大药,20070102,
603963.SH,*ST大药,20070101,
603963.SH,*ST大药,20061231,
603963.SH,*ST大药,20061230,
603963.SH,*ST大药,20061229,
603963.SH,*ST大药,20061228,
603963.SH,*ST大药,20061227,
603963.SH,*ST大药,20061226,
603963.SH,*ST大药,20061225,
603963.SH,*ST大药,20061224,
603963.SH,*ST大药,20061223,
603963.SH,*ST大药,20061222,
603963.SH,*ST大药,20061221,
603963.SH,*ST大药,20061220,
603963.SH,*ST大药,20061219,
603963.SH,*ST大药,20061218,
603963.SH,*ST大药,20061217,
603963.SH,*ST大药,20061216,
603963.SH,*ST大药,20061215,
603963.SH,*ST大药,20061214,
603963.SH,*ST大药,20061213,
603963.SH,*ST大药,20061212,
603963.SH,*ST大药,20061211,
603963.SH,*ST大药,20061210,
603963.SH,*ST大药,20061209,
603963.SH,*ST大药,20061208,
603963.SH,*ST大药,20061207,
603963.SH,*ST大药,20061206,
603963.SH,*ST大药,20061205,
603963.SH,*ST大药,20061204,
603963.SH,*ST大药,20061203,
603963.SH,*ST大药,20061202,
603963.SH,*ST大药,20061201,
603963.SH,*ST大药,20061130,
603963.SH,*ST大药,20061129,
603963.SH,*ST大药,20061128,
603963.SH,*ST大药,20061127,
603963.SH,*ST大药,20061126,
603963.SH,*ST大药,20061125,
603963.SH,*ST大药,20061124,
603963.SH,*ST大药,20061123,
603963.SH,*ST大药,20061122,
603963.SH,*ST大药,20061121,
603963.SH,*ST大药,20061120,
603963.SH,*ST大药,20061119,
603963.SH,*ST大药,20061118,
603963.SH,*ST大药,20061117,
603963.SH,*ST大药,20061116,
603963.SH,*ST大药,20061115,
603963.SH,*ST大药,20061114,
603963.SH,*ST大药,20061113,
603963.SH,*ST大药,20061112,
603963.SH,*ST大药,20061111,
603963.SH,*ST大药,20061110,
603963.SH,*ST大药,20061109,
603963.SH,*ST大药,20061108,
603963.SH,*ST大药,20061107,
603963.SH,*ST大药,20061106,
603963.SH,*ST大药,20061105,
603963.SH,*ST大药,20061104,
603963.SH,*ST大药,20061103,
603963.SH,*ST大药,20061102,
603963.SH,*ST大药,20061101,
603963.SH,*ST大药,20061031,
603963.SH,*ST大药,20061030,
603963.SH,*ST大药,20061029,
603963.SH,*ST大药,20061028,
603963.SH,*ST大药,20061027,
603963.SH,*ST大药,20061026,
603963.SH,*ST大药,20061025,
603963.SH,*ST大药,20061024,
603963.SH,*ST大药,20061023,
603963.SH,*ST大药,20061022,
603963.SH,*ST大药,20061021,
603963.SH,*ST大药,20061020,
603963.SH,*ST大药,20061019,
603963.SH,*ST大药,20061018,
603963.SH,*ST大药,20061017,
603963.SH,*ST大药,20061016,
603963.SH,*ST大药,20061015,
603963.SH,*ST大药,20061014,
603963.SH,*ST大药,20061013,
603963.SH,*ST大药,20061012,
603963.SH,*ST大药,20061011,
603963.SH,*ST大药,20061010,
603963.SH,*ST大药,20061009,
603963.SH,*ST大药,20061008,
603963.SH,*ST大药,20061007,
603963.SH,*ST大药,20061006,
603963.SH,*ST大药,20061005,
603963.SH,*ST大药,20061004,
603963.SH,*ST大药,20061003,
603963.SH,*ST大药,20061002,
603963.SH,*ST大药,20061001,
603963.SH,*ST大药,20060930,
603963.SH,*ST大药,20060929,
603963.SH,*ST大药,20060928,
603963.SH,*ST大药,20060927,
603963.SH,*ST大药,20060926,
603963.SH,*ST大药,20060925,
603963.SH,*ST大药,20060924,
603963.SH,*ST大药,20060923,
603963.SH,*ST大药,20060922,
603963.SH,*ST大药,20060921,
603963.SH,*ST大药,20060920,
603963.SH,*ST大药,20060919,
603963.SH,*ST大药,20060918,
603963.SH,*ST大药,20060917,
603963.SH,*ST大药,20060916,
603963.SH,*ST大药,20060915,
603963.SH,*ST大药,20060914,
603963.SH,*ST大药,20060913,
603963.SH,*ST大药,20060912,
603963.SH,*ST大药,20060911,
603963.SH,*ST大药,20060910,
603963.SH,*ST大药,20060909,
603963.SH,*ST大药,20060908,
603963.SH,*ST大药,20060907,
603963.SH,*ST大药,20060906,
603963.SH,*ST大药,20060905,
603963.SH,*ST大药,20060904,
603963.SH,*ST大药,20060903,
603963.SH,*ST大药,20060902,
603963.SH,*ST大药,20060901,
603963.SH,*ST大药,20060831,
603963.SH,*ST大药,20060830,
603963.SH,*ST大药,20060829,
603963.SH,*ST大药,20060828,
603963.SH,*ST大药,20060827,
603963.SH,*ST大药,20060826,
603963.SH,*ST大药,20060825,
603963.SH,*ST大药,20060824,
603963.SH,*ST大药,20060823,
603963.SH,*ST大药,20060822,
603963.SH,*ST大药,20060821,
603963.SH,*ST大药,20060820,
603963.SH,*ST大药,20060819,
603963.SH,*ST大药,20060818,
603963.SH,*ST大药,20060817,
603963.SH,*ST大药,20060816,
603963.SH,*ST大药,20060815,
603963.SH,*ST大药,20060814,
603963.SH,*ST大药,20060813,
603963.SH,*ST大药,20060812,
603963.SH,*ST大药,20060811,
603963.SH,*ST大药,20060810,
603963.SH,*ST大药,20060809,
603963.SH,*ST大药,20060808,
603963.SH,*ST大药,20060807,
603963.SH,*ST大药,20060806,
603963.SH,*ST大药,20060805,
603963.SH,*ST大药,20060804,
603963.SH,*ST大药,20060803,
603963.SH,*ST大药,20060802,
603963.SH,*ST大药,20060801,
603963.SH,*ST大药,20060731,
603963.SH,*ST大药,20060730,
603963.SH,*ST大药,20060729,
603963.SH,*ST大药,20060728,
603963.SH,*ST大药,20060727,
603963.SH,*ST大药,20060726,
603963.SH,*ST大药,20060725,
603963.SH,*ST大药,20060724,
603963.SH,*ST大药,20060723,
603963.SH,*ST大药,20060722,
603963.SH,*ST大药,20060721,
603963.SH,*ST大药,20060720,
603963.SH,*ST大药,20060719,
603963.SH,*ST大药,20060718,
603963.SH,*ST大药,20060717,
603963.SH,*ST大药,20060716,
603963.SH,*ST大药,20060715,
603963.SH,*ST大药,20060714,
603963.SH,*ST大药,20060713,
603963.SH,*ST大药,20060712,
603963.SH,*ST大药,20060711,
603963.SH,*ST大药,20060710,
603963.SH,*ST大药,20060709,
603963.SH,*ST大药,20060708,
603963.SH,*ST大药,20060707,
603963.SH,*ST大药,20060706,
603963.SH,*ST大药,20060705,
603963.SH,*ST大药,20060704,
603963.SH,*ST大药,20060703,
603963.SH,*ST大药,20060702,
603963.SH,*ST大药,20060701,
603963.SH,*ST大药,20060630,
603963.SH,*ST大药,20060629,
603963.SH,*ST大药,20060628,
603963.SH,*ST大药,20060627,
603963.SH,*ST大药,20060626,
603963.SH,*ST大药,20060625,
603963.SH,*ST大药,20060624,
603963.SH,*ST大药,20060623,
603963.SH,*ST大药,20060622,
603963.SH,*ST大药,20060621,
603963.SH,*ST大药,20060620,
603963.SH,*ST大药,20060619,
603963.SH,*ST大药,20060618,
603963.SH,*ST大药,20060617,
603963.SH,*ST大药,20060616,
603963.SH,*ST大药,20060615,
603963.SH,*ST大药,20060614,
603963.SH,*ST大药,20060613,
603963.SH,*ST大药,20060612,
603963.SH,*ST大药,20060611,
603963.SH,*ST大药,20060610,
603963.SH,*ST大药,20060609,
603963.SH,*ST大药,20060608,
603963.SH,*ST大药,20060607,
603963.SH,*ST大药,20060606,
603963.SH,*ST大药,20060605,
603963.SH,*ST大药,20060604,
603963.SH,*ST大药,20060603,
603963.SH,*ST大药,20060602,
603963.SH,*ST大药,20060601,
603963.SH,*ST大药,20060531,
603963.SH,*ST大药,20060530,
603963.SH,*ST大药,20060529,
603963.SH,*ST大药,20060528,
603963.SH,*ST大药,20060527,
603963.SH,*ST大药,20060526,
603963.SH,*ST大药,20060525,
603963.SH,*ST大药,20060524,
603963.SH,*ST大药,20060523,
603963.SH,*ST大药,20060522,
603963.SH,*ST大药,20060521,
603963.SH,*ST大药,20060520,
603963.SH,*ST大药,20060519,
603963.SH,*ST大药,20060518,
603963.SH,*ST大药,20060517,
603963.SH,*ST大药,20060516,
603963.SH,*ST大药,20060515,
603963.SH,*ST大药,20060514,
603963.SH,*ST大药,20060513,
603963.SH,*ST大药,20060512,
603963.SH,*ST大药,20060511,
603963.SH,*ST大药,20060510,
603963.SH,*ST大药,20060509,
603963.SH,*ST大药,20060508,
603963.SH,*ST大药,20060507,
603963.SH,*ST大药,20060506,
603963.SH,*ST大药,20060505,
603963.SH,*ST大药,20060504,
603963.SH,*ST大药,20060503,
603963.SH,*ST大药,20060502,
603963.SH,*ST大药,20060501,
603963.SH,*ST大药,20060430,
603963.SH,*ST大药,20060429,
603963.SH,*ST大药,20060428,
603963.SH,*ST大药,20060427,
603963.SH,*ST大药,20060426,
603963.SH,*ST大药,20060425,
603963.SH,*ST大药,20060424,
603963.SH,*ST大药,20060423,
603963.SH,*ST大药,20060422,
603963.SH,*ST大药,20060421,
603963.SH,*ST大药,20060420,
603963.SH,*ST大药,20060419,
603963.SH,*ST大药,20060418,
603963.SH,*ST大药,20060417,
603963.SH,*ST大药,20060416,
603963.SH,*ST大药,20060415,
603963.SH,*ST大药,20060414,
603963.SH,*ST大药,20060413,
603963.SH,*ST大药,20060412,
603963.SH,*ST大药,20060411,
603963.SH,*ST大药,20060410,
603963.SH,*ST大药,20060409,
603963.SH,*ST大药,20060408,
603963.SH,*ST大药,20060407,
603963.SH,*ST大药,20060406,
603963.SH,*ST大药,20060405,
603963.SH,*ST大药,20060404,
603963.SH,*ST大药,20060403,
603963.SH,*ST大药,20060402,
603963.SH,*ST大药,20060401,
603963.SH,*ST大药,20060331,
603963.SH,*ST大药,20060330,
603963.SH,*ST大药,20060329,
603963.SH,*ST大药,20060328,
603963.SH,*ST大药,20060327,
603963.SH,*ST大药,20060326,
603963.SH,*ST大药,20060325,
603963.SH,*ST大药,20060324,
603963.SH,*ST大药,20060323,
603963.SH,*ST大药,20060322,
603963.SH,*ST大药,20060321,
603963.SH,*ST大药,20060320,
603963.SH,*ST大药,20060319,
603963.SH,*ST大药,20060318,
603963.SH,*ST大药,20060317,
603963.SH,*ST大药,20060316,
603963.SH,*ST大药,20060315,
603963.SH,*ST大药,20060314,
603963.SH,*ST大药,20060313,
603963.SH,*ST大药,20060312,
603963.SH,*ST大药,20060311,
603963.SH,*ST大药,20060310,
603963.SH,*ST大药,20060309,
603963.SH,*ST大药,20060308,
603963.SH,*ST大药,20060307,
603963.SH,*ST大药,20060306,
603963.SH,*ST大药,20060305,
603963.SH,*ST大药,20060304,
603963.SH,*ST大药,20060303,
603963.SH,*ST大药,20060302,
603963.SH,*ST大药,20060301,
603963.SH,*ST大药,20060228,
603963.SH,*ST大药,20060227,
603963.SH,*ST大药,20060226,
603963.SH,*ST大药,20060225,
603963.SH,*ST大药,20060224,
603963.SH,*ST大药,20060223,
603963.SH,*ST大药,20060222,
603963.SH,*ST大药,20060221,
603963.SH,*ST大药,20060220,
603963.SH,*ST大药,20060219,
603963.SH,*ST大药,20060218,
603963.SH,*ST大药,20060217,
603963.SH,*ST大药,20060216,
603963.SH,*ST大药,20060215,
603963.SH,*ST大药,20060214,
603963.SH,*ST大药,20060213,
603963.SH,*ST大药,20060212,
603963.SH,*ST大药,20060211,
603963.SH,*ST大药,20060210,
603963.SH,*ST大药,20060209,
603963.SH,*ST大药,20060208,
603963.SH,*ST大药,20060207,
603963.SH,*ST大药,20060206,
603963.SH,*ST大药,20060205,
603963.SH,*ST大药,20060204,
603963.SH,*ST大药,20060203,
603963.SH,*ST大药,20060202,
603963.SH,*ST大药,20060201,
603963.SH,*ST大药,20060131,
603963.SH,*ST大药,20060130,
603963.SH,*ST大药,20060129,
603963.SH,*ST大药,20060128,
603963.SH,*ST大药,20060127,
603963.SH,*ST大药,20060126,
603963.SH,*ST大药,20060125,
603963.SH,*ST大药,20060124,
603963.SH,*ST大药,20060123,
603963.SH,*ST大药,20060122,
603963.SH,*ST大药,20060121,
603963.SH,*ST大药,20060120,
603963.SH,*ST大药,20060119,
603963.SH,*ST大药,20060118,
603963.SH,*ST大药,20060117,
603963.SH,*ST大药,20060116,
603963.SH,*ST大药,20060115,
603963.SH,*ST大药,20060114,
603963.SH,*ST大药,20060113,
603963.SH,*ST大药,20060112,
603963.SH,*ST大药,20060111,
603963.SH,*ST大药,20060110,
603963.SH,*ST大药,20060109,
603963.SH,*ST大药,20060108,
603963.SH,*ST大药,20060107,
603963.SH,*ST大药,20060106,
603963.SH,*ST大药,20060105,
603963.SH,*ST大药,20060104,
603963.SH,*ST大药,20060103,
603963.SH,*ST大药,20060102,
603963.SH,*ST大药,20060101,
