000063
000426
000625
000725
000831
000957
001206
001309
001389
002044
002096
002167
002230
002284
002351
002430
002484
002545
002605
002709
002810
002865
002943
003022
300033
300124
300236
300364
300435
300497
300587
300672
300724
300765
300827
300893
300976
301061
301161
301217
301285
301362
301468
301538
301588
301626
319096
600055
600141
600258
600346
600415
600499
600569
600661
600759
600873
600938
601000
601100
601231
601595
601777
601899
603027
603091
603150
603197
603248
603297
603365
603486
603599
603697
603808
603920
605060
605358
688010
688046
688088
688127
688166
688200
688235
688278
688319
688353
688401
688472
688513
688550
688603
688651
688708
688759
688800
920394