000036
000423
000603
000703
000821
000933
001203
001301
001386
002028
002085
002156
002223
002276
002340
002422
002475
002541
002601
002701
002796
002851
002922
003006
300017
300115
300224
300357
300432
300492
300584
300662
300709
300762
300820
300870
300972
301035
301155
301209
301270
301358
301449
301535
301586
301617
301687
600048
600118
600233
600331
600406
600496
600562
600642
600745
600863
600930
600993
601088
601211
601567
601702
601890
603019
603087
603130
603195
603238
603290
603345
603444
603590
603685
603799
603906
605020
605333
688007
688041
688082
688123
688162
688195
688233
688275
688313
688351
688392
688458
688508
688545
688599
688639
688698
688757
688796
920225