000089
000528
000651
000738
000878
000962
001222
001318
001395
002048
002103
002176
002240
002294
002354
002442
002497
002558
002624
002731
002821
002881
002956
151602
300049
300139
300285
300382
300443
300502
300596
300679
300733
300773
300835
300900
300982
301073
301171
301225
301293
301371
301489
301551
301591
301631
600009
600066
600160
600276
600353
600426
600515
600585
600690
600765
600879
600958
601009
601126
601318
601615
601816
601933
603039
603100
603163
603200
603259
603305
603376
603501
603606
603701
603823
603939
605100
605377
688017
688049
688098
688138
688170
688206
688248
688283
688323
688368
688409
688480
688519
688559
688612
688658
688711
688768
688807
920476