000065
000510
000628
000729
000833
000959
001212
001311
001390
002045
002100
002170
002233
002290
002352
002432
002487
002555
002609
002714
002812
002867
002946
003031
300036
300136
300253
300373
300438
300498
300592
300674
300726
300769
300832
300895
300979
301068
301162
301219
301291
301363
301479
301539
301589
301629
410319
600057
600150
600259
600348
600416
600507
600583
600673
600760
600875
600941
601001
601101
601233
601600
601798
601918
603031
603092
603160
603198
603256
603298
603369
603489
603602
603698
603809
603929
605080
605365
688012
688047
688091
688131
688167
688202
688239
688279
688321
688361
688403
688475
688516
688552
688605
688652
688709
688765
688802
920429