000039
000425
000612
000707
000830
000949
001205
001306
001388
002043
002092
002164
002225
002281
002345
002428
002478
002544
002602
002706
002807
002859
002938
003010
300018
300118
300226
300363
300433
300496
300586
300666
300723
300763
300825
300888
300973
301039
301160
301210
301275
301360
301458
301536
301587
301622
302132
600050
600129
600246
600343
600409
600498
600563
600660
600754
600869
600933
600999
601096
601225
601579
601717
601898
603026
603090
603135
603196
603239
603296
603350
603456
603596
603690
603806
603919
605056
605338
688008
688045
688083
688126
688165
688198
688234
688277
688318
688352
688396
688469
688510
688548
688601
688648
688702
688758
688799
920242