000100
000534
000657
000739
000880
000963
001229
001328
001396
002049
002120
002179
002241
002304
002364
002444
002508
002563
002625
002736
002829
002885
002966
169191
300051
300144
300286
300390
300450
300521
300602
300680
300737
300774
300843
300910
300990
301080
301172
301230
301303
301376
301491
301552
301595
301632
600011
600075
600161
600285
600361
600428
600517
600586
600699
600773
600882
600961
601012
601127
601319
601618
601825
601939
603040
603101
603166
603202
603260
603306
603379
603505
603612
603707
603833
603950
605111
605488
688018
688050
688099
688139
688171
688208
688249
688286
688326
688369
688410
688484
688521
688563
688615
688661
688717
688772
688809
920522