000066
000526
000630
000733
000858
000960
001221
001317
001391
002046
002102
002171
002236
002293
002353
002436
002493
002557
002612
002727
002815
002869
002947
003816
300037
300138
300274
300378
300442
300499
300593
300677
300731
300772
300833
300896
300980
301069
301165
301220
301292
301367
301486
301550
301590
301630
565650
600063
600153
600273
600352
600418
600511
600584
600686
600761
600877
600955
601006
601111
601298
601601
601799
601919
603035
603099
603162
603199
603257
603303
603370
603499
603605
603699
603816
603938
605090
605376
688016
688048
688095
688136
688169
688205
688246
688281
688322
688362
688408
688478
688518
688556
688608
688657
688710
688766
688805
920438