000034
000403
000596
000695
000807
000923
000998
001285
001376
002025
002080
002154
002221
002271
002335
002410
002466
002539
002595
002683
002779
002847
002916
002988
300014
300092
300212
300347
300421
300490
300571
300658
300702
300760
300814
300861
300963
301031
301150
301202
301261
301338
301413
301528
301584
301611
301668
600031
600114
600211
600328
600392
600487
600548
600623
600733
600859
600925
600988
601069
601198
601519
601698
601886
603013
603072
603127
603193
603233
603286
603341
603409
603583
603678
603773
603893
603997
605305
688005
688036
688072
688120
688157
688190
688228
688271
688307
688347
688388
688449
688506
688539
688590
688630
688695
688750
688790
920116