000301
000559
000682
000786
000893
000983
001270
001339
002003
002068
002142
002202
002250
002318
002384
002459
002531
002572
002657
002756
002837
002896
002983
300002
300068
300182
300316
300413
300475
300558
300620
300685
300751
300790
300856
300918
301018
301108
301187
301236
301308
301393
301517
301565
301606
301658
600026
600095
600184
600312
600383
600459
600529
600596
600710
600809
600895
600971
601033
601156
601360
601668
601869
601988
603061
603119
603179
603216
603271
603319
603391
603530
603659
603733
603876
603983
605178
605598
688027
688063
688107
688147
688183
688213
688265
688299
688334
688378
688432
688499
688530
688582
688625
688680
688727
688783
920047
920961