000021
000333
000568
000683
000792
000902
000988
001279
001356
002008
002073
002149
002203
002258
002326
002396
002460
002532
002585
002659
002759
002841
002897
002984
300003
300073
300191
300331
300415
300476
300567
300624
300693
300753
300803
300857
300919
301021
301110
301191
301246
301325
301396
301522
301566
301607
301662
600028
600096
600188
600315
600388
600481
600536
600600
600711
600819
600900
600984
601038
601166
601377
601678
601872
601995
603063
603120
603185
603218
603281
603334
603393
603556
603661
603737
603881
603986
605183
605599
688028
688065
688110
688150
688185
688220
688266
688300
688336
688379
688433
688500
688531
688583
688627
688690
688728
688787
920058
920978