000157
000543
000672
000768
000888
000975
001238
001335
001979
002056
002128
002185
002245
002315
002379
002452
002518
002567
002648
002752
002832
002893
002971
222000
300058
300161
300304
300395
300454
300533
300609
300682
300745
300782
300850
300913
301002
301095
301183
301232
301306
301389
301501
301560
301602
301638
600018
600089
600176
600301
600363
600438
600521
600592
600703
600801
600887
600967
601021
601138
601333
601665
601857
601965
603049
603112
603173
603207
603267
603310
603382
603520
603619
603713
603859
603978
605123
605507
688023
688059
688103
688143
688181
688210
688258
688293
688332
688375
688416
688488
688525
688575
688621
688676
688721
688777
689009
920857