000166
000550
000680
000776
000892
000977
001267
001337
002001
002064
002138
002192
002246
002317
002380
002456
002527
002568
002653
002755
002833
002895
002975
300001
300059
300170
300308
300408
300457
300548
300619
300684
300750
300785
300855
300917
301005
301096
301186
301235
301307
301392
301511
301563
301603
301656
600025
600094
600183
600309
600378
600458
600522
600595
600707
600808
600893
600970
601026
601155
601336
601666
601865
601985
603055
603115
603175
603210
603268
603313
603383
603529
603650
603730
603871
603979
605167
605589
688025
688062
688106
688146
688182
688212
688261
688295
688333
688376
688419
688498
688526
688578
688623
688678
688726
688778
920015
920914