000155
000538
000661
000762
000887
000973
001233
001331
001872
002050
002126
002180
002244
002311
002371
002448
002517
002565
002627
002738
002831
002891
002967
215504
300054
300153
300302
300394
300451
300525
300604
300681
300738
300776
300848
300911
301000
301087
301173
301231
301305
301377
301498
301556
301601
301636
600016
600085
600163
600298
600362
600435
600519
600588
600702
600782
600885
600966
601020
601137
601328
601628
601838
601963
603048
603108
603171
603203
603262
603308
603380
603517
603618
603712
603855
603969
605117
605499
688019
688052
688100
688141
688172
688209
688256
688290
688331
688372
688411
688486
688523
688568
688617
688668
688720
688775
688981
920839