000026
000338
000581
000688
000799
000913
000989
001280
001359
002011
002074
002150
002204
002262
002327
002407
002463
002534
002588
002668
002768
002842
002906
002985
300010
300082
300204
300337
300416
300483
300568
300627
300699
300757
300806
300858
300926
301026
301120
301196
301251
301326
301397
301525
301571
301608
301665
600029
600105
600195
600316
600389
600482
600546
600601
600731
600846
600901
600985
601058
601168
601390
601688
601877
603005
603067
603121
603186
603225
603283
603337
603400
603565
603663
603757
603885
603993
605196
688002
688029
688068
688111
688153
688187
688222
688269
688301
688337
688382
688439
688502
688535
688584
688628
688691
688729
688788
920082
920982