000035
000408
000598
000700
000811
000932
000999
001288
001382
002027
002083
002155
002222
002273
002338
002415
002472
002540
002600
002690
002782
002850
002920
002993
300015
300101
300223
300354
300430
300491
300577
300661
300705
300761
300818
300866
300969
301033
301152
301205
301269
301345
301421
301529
301585
301613
301678
600036
600115
600219
600330
600397
600489
600549
600641
600741
600862
600926
600989
601077
601208
601555
601699
601888
603014
603083
603129
603194
603236
603288
603344
603418
603589
603683
603786
603899
605016
605319
688006
688037
688073
688122
688159
688192
688231
688273
688310
688349
688390
688450
688507
688543
688596
688631
688696
688755
688795
920174