000032
000400
000589
000690
000800
000921
000997
001283
001369
002020
002078
002153
002215
002270
002332
002409
002465
002536
002594
002675
002772
002843
002911
002987
300012
300087
300207
300343
300418
300487
300570
300634
300700
300759
300811
300859
300953
301029
301123
301200
301257
301333
301398
301526
301575
301609
301667
600030
600111
600196
600323
600391
600486
600547
600602
600732
600850
600919
600986
601066
601186
601398
601689
601878
603009
603068
603124
603187
603228
603285
603338
603406
603568
603667
603766
603889
603995
605289
688003
688031
688070
688116
688155
688188
688223
688270
688306
688343
688385
688443
688503
688536
688588
688629
688692
688733
688789
920106