600005
600006
600008
600051
600053
600058
600067
600069
600070
600074
600076
600077
600078
600080
600083
600086
600087
600090
600101
600102
600103
600106
600107
600108
600112
600113
600117
600120
600121
600127
600128
600133
600135
600137
600139
600146
600148
600149
600156
600157
600159
600162
600165
600168
600173
600175
600178
600182
600186
600187
600192
600193
600202
600205
600207
600213
600218
600222
600226
600227
600229
600235
600239
600241
600242
600243
600249
600257
600263
600265
600268
600269
600279
600281
600283
600287
600289
600292
600295
600296
600302
600311
600317
600321
600354
600355
600356
600357
600359
600367
600368
600375
600385
600386
600387
600396
600400
600421
600433
600444
600470
600472
600476
600490
600493
600503
600506
600513
600526
600530
600533
600540
600543
600553
600558
600560
600561
600568
600591
600605
600607
600614
600615
600616
600621
600624
600627
600629
600630
600631
600638
600647
600650
600653
600658
600662
600665
600671
600680
600689
600696
600698
600706
600712
600713
600714
600719
600721
600724
600725
600726
600727
600744
600747
600749
600758
600767
600769
600770
600774
600778
600780
600781
600784
600786
600791
600792
600797
600806
600807
600814
600822
600825
600830
600832
600833
600834
600844
600849
600851
600854
600856
600860
600865
600871
600874
600880
600889
600891
600892
600896
600898
600903
600917
600936
600960
600962
600965
600969
600978
600979
600980
600981
600982
600983
600991
600992
601002
601008
601010
601016
601018
601028
601086
601106
601113
601177
601199
601228
601258
601268
601299
601313
601326
601366
601375
601399
601616
601619
601700
601718
601789
601880
601989
601999
603003
603007
603015
603016
603017
603022
603023
603028
603029
603036
603041
603042
603056
603058
603106
603116
603123
603126
603133
603139
603157
603159
603168
603188
603189
603226
603261
603266
603299
603311
603316
603320
603321
603326
603331
603333
603335
603366
603389
603421
603458
603488
603555
603577
603578
603665
603777
603829
603926
603991
605198
832522
920002
920007
920018
920023
920029
920033
920037
920045
920062
920121
920158
920179
920195
920225
920239
920245
920284
920368
920375
920402
920403
920418
920445
920476
920491
920493
920496
920510
920522
920533
920593
920599
920640
920685
920690
920703
920808
920826
920839
920857
920879
920896
920985