002287
002295
002297
002298
002306
002307
002316
002320
002323
002325
002329
002337
002339
002341
002342
002344
002346
002347
002349
002355
002356
002358
002359
002360
002363
002365
002369
002377
002388
002393
002394
002403
002404
002411
002412
002417
002421
002423
002427
002433
002435
002445
002447
002450
002451
002464
002473
002474
002476
002477
002479
002482
002485
002486
002490
002492
002495
002499
002502
002503
002504
002505
002509
002510
002512
002513
002516
002519
002523
002525
002526
002528
002535
002551
002552
002553
002564
002566
002569
002573
002574
002575
002576
002577
002578
002581
002584
002586
002590
002593
002596
002604
002610
002611
002613
002619
002620
002621
002622
002630
002647
002652
002656
002660
002671
002678
002679
002681
002682
002684
002686
002687
002689
002692
002693
002694
002699
002700
002702
002703
002708
002711
002715
002730
002740
002743
002750
002751
002758
002760
002762
002767
002775
002788
002816
002836
003306
003311
003320
003323
003339
003347
003383
003393
003606
003618
003668
003669
003690
003692
003738
003750
003759
003799
003800
003808
003877
003888
003896
003898
003899
003900
003908
003931
003933
003939
003958
003968
003969
003988
003993
003996
003998
300023
300029
300032
300044
300052
300062
300067
300069
300091
300099
300106
300108
300110
300114
300116
300117
300120
300126
300131
300134
300135
300140
300141
300147
300150
300152
300154
300155
300156
300157
300162
300163
300165
300167
300169
300172
300175
300176
300178
300186
300189
300194
300198
300200
300202
300205
300208
300210
300211
300216
300220
300221
300230
300234
300235
300237
300239
300240
300242
300243
300245
300247
300249
300250
300254
300255
300262
300264
300265
300267
300268
300269
300270
300272
300273
300277
300278
300280
300281
300282
300283
300289
300293
300295
300297
300300
300306
300307
300309
300342
300344
300350
300356
300359
300362
300367
300368
300370
300371
300375
300376
300379
300380
300387
300392
300399
300407
300411
300419
300425
300431
300437
300462
300479
300484
300485
300486
300495
300500
300509
300511
300512
300518
300519
300526
300527
300542
300543
300549
300581
300588
300591
300621
300625
300626
300630
300637
300640
300641
300647
300669
300670
300678
300708
300720
300721
300742
300743
300799
300819
300826
300897
301067
301446
301567
301628
600001
600002