000013
000081
000083
000101
000107
000123
000135
000136
000148
000152
000168
000175
000179
000189
000200
000241
000242
000267
000268
000285
000288
000291
000302
000303
000316
000317
000323
000325
000336
000354
000358
000371
000384
000386
000388
000390
000392
000460
000489
000494
000512
000694
000696
000772
000853
000857
000867
000874
000941
000956
000991
000992
001024
001030
001044
001055
001057
001060
001066
001070
001071
001072
001083
001088
001093
001097
001099
001108
001109
001112
001113
001114
001117
001119
001128
001138
001157
001164
001171
001177
001186
001193
001347
001357
001361
001364
001385
001398
001415
001448
001458
001477
001478
001519
001521
001530
001548
001579
001585
001610
001618
001658
001675
001686
001691
001729
001755
001765
001766
001768
001772
001773
001787
001788
001789
001797
001799
001800
001801
001810
001811
001813
001816
001818
001821
001836
001839
001860
001873
001876
001880
001888
001898
001908
001910
001918
001919
001928
001929
001951
001958
001988
001989
001995
001999
002257
002525
003306
003311
003320
003323
003339
003347
003383
003393
003606
003618
003668
003669
003690
003692
003738
003750
003759
003799
003800
003808
003877
003888
003896
003898
003899
003900
003908
003931
003933
003939
003958
003968
003969
003988
003993
003996
003998
300309
300362
300367
300392
300431
300526
600001
600002
600005
600069
600074
600086
600087
600102
600139
600146
600175
600205
600242
600263
600296
600311
600317
600357
600385
600472
600553
600591
600607
600614
600627
600786
600849
601313
832522