000004
000013
000022
000043
000123
000152
000168
000175
000189
000241
000268
000285
000288
000291
000302
000317
000323
000336
000386
000388
000413
000418
000522
000540
000584
000606
000666
000667
000671
000694
000696
000763
000772
000780
000817
000836
000853
000857
000867
000941
000956
000961
000991
000992
001024
001030
001066
001070
001071
001072
001088
001093
001108
001109
001112
001128
001138
001171
001177
001186
001347
001357
001385
001415
001458
001477
001478
001521
001548
001579
001585
001765
001766
001772
001787
001797
001800
001801
001810
001816
001818
001873
001898
001918
001919
001928
001951
001988
001995
001999
002002
002013
002018
002087
002118
002260
002288
002336
002341
002359
002433
002435
002450
002503
002610
002618
002621
002665
002680
002699
002751
002776
003339
003347
003606
003668
003669
003690
003692
003759
003800
003808
003888
003896
003898
003900
003968
003969
003993
003996
003998
006030
006049
006066
006078
006098
006100
006110
006160
006169
006185
006186
006690
006699
006855
006862
006865
006869
006881
006969
006990
009626
009633
009658
009666
009688
009696
009863
009868
009896
009922
009926
009969
009979
009988
009992
009995
009996
100600
100614
104543
105630
106472
108031
108517
108886
110879
111703
111988
113608
113958
114071
115539
115870
116331
117313
118132
121023
121461
124993
125670
126777
127208
127342
127504
127857
129335
130398
132520
132812
134164
136785
136918
138076
139074
139980
140328
142565
142687
149384
150585
151602
152060
152548
154029
155691
158756
158931
159601
160549
169191
171515
172100
176146
177282
178301
179011
180527
180560
184905
185085
186731
187363
190282
197297
197365
199620
201318
202140
203769
210569
211766
213339
214123
215504
216532
222000
227745
227975
233566
234944
237200
241111
242951
244170
246844
254837
260017
261822
278106
286780
289417
295360
300038
300089
300114
300178
300202
300208
300262
300273
300280
300297
300309
300367
300379
300630
300742
300799
301947
302367
304646
313751
314580
315344
319096
321094
328192
339748
353866
354200
356322
368804
389165
398019
404622
408821
410319
415992
425938
432600
432611
434284
436940
448800
452192
454560
489067
495359
496280
511480
526560
565650
576546
600485
600636
600687
600705
600723
600804
600811
600823
600837
600856
600978
601028
601989
603003
603056
603133
700075
752406
920058
920082
920225
920239
920242
920245
920368
920394
920402
920403
920429
920438
920445
920476
920522
920593
920599
920640
920685
920808
920839
920857
920879
920914
920961
920978
920982
920985
924032
927069
974728
989144
