100600
100614
104543
105630
106472
108031
108517
108886
110879
111703
111988
113608
113958
114071
115539
115870
116331
117313
118132
121023
121461
124993
125670
126777
127208
127342
127504
127857
129335
130398
132520
132812
134164
136785
136918
138076
139074
139980
140328
142565
142687
149384
150585
151602
152060
152548
154029
155691
158756
158931
159601
160549
169191
171515
172100
176146
177282
178301
179011
180527
180560
184905
185085
186731
187363
190282
197297
197365
199620
201318
202140
203769
210569
211766
213339
214123
215504
216532
222000
227745
227975
233566
234944
237200
241111
242951
244170
246844
254837
260017
261822
278106
286780
289417
295360
300038
300089
300114
300178
300202
300208
300262
300273
300280
300297
300309
300367
300379
300630
300742
300799
301947
302367
304646
313751
314580
315344
319096
321094
328192
339748
353866
354200
356322
368804
389165
398019
404622
408821
410319
415992
425938
430685
432600
432611
434284
436940
448800
452192
454560
489067
495359
496280
511480
526560
565650
576546
600068
600093
600122
600200
600225
600260
600270
600277
600291
600297
600466
600485
600636
600687
600705
600723
600804
600811
600823
600837
600856
600978
601028
601989
603003
603056
603133
603169
603388
603603
603963
688086
688555
689009
700075
752406
836239
837592
838402
871245
873576
873593
873690
920015
920016
920047
920058
920077
920082
920106
920116
920174
920185
920221
920225
920239
920242
920245
920368
920394
920402
920403
920429
920438
920445
920476
920522
920593
920599
920640
920685
920808
920839
920857
920879
920914
920961
920978
920982
920985
924032
927069
974728
989144